188
23
3 3 3 3 3 3 3 3 3 3 3 3 3 3 3 3 3 3 3 3 6 7 7 
2 2 47 14 47 
2 1 47 3 47 
3 2 47 4 47 12 47 
2 3 47 5 47 
2 4 47 6 47 
3 5 47 7 47 11 47 
3 6 47 8 47 21 50 
2 7 47 9 47 
2 8 47 10 47 
3 9 47 11 47 16 47 
3 6 47 10 47 12 47 
3 3 47 11 47 13 47 
3 12 47 14 47 15 47 
2 1 47 13 47 
3 13 47 16 47 20 47 
3 10 47 15 47 17 47 
2 16 47 18 47 
2 17 47 19 47 
2 18 47 20 47 
2 15 47 19 47 
3 7 50 22 117 23 117 
1 21 117 
1 21 117 
1
26
3 3 3 3 3 3 3 7 3 3 3 3 3 3 6 7 7 6 7 7 6 7 7 6 7 7 
2 2 47 6 47 
3 1 47 3 47 24 50 
2 2 47 4 47 
3 3 47 5 47 21 50 
3 4 47 6 47 10 47 
3 1 47 5 47 7 47 
3 6 47 8 51 9 47 
1 7 51 
3 7 47 10 47 14 47 
3 5 47 9 47 11 47 
3 10 47 12 47 18 50 
2 11 47 13 47 
3 12 47 14 47 15 50 
2 9 47 13 47 
3 13 50 16 117 17 117 
1 15 117 
1 15 117 
3 11 50 19 117 20 117 
1 18 117 
1 18 117 
3 4 50 22 117 23 117 
1 21 117 
1 21 117 
3 2 50 25 117 26 117 
1 24 117 
1 24 117 
1
19
3 3 3 3 3 3 3 3 3 3 3 3 3 3 3 3 6 7 7 
2 2 47 14 47 
2 1 47 3 47 
3 2 47 4 47 12 47 
2 3 47 5 47 
2 4 47 6 47 
3 5 47 7 47 11 47 
2 6 47 8 47 
3 7 47 9 47 17 50 
2 8 47 10 47 
3 9 47 11 47 16 47 
3 6 47 10 47 12 47 
3 3 47 11 47 13 47 
3 12 47 14 47 15 47 
2 1 47 13 47 
2 13 47 16 47 
2 10 47 15 47 
3 8 50 18 117 19 117 
1 17 117 
1 17 117 
1
23
3 3 3 3 3 3 3 3 3 3 3 3 3 3 3 3 3 3 3 3 6 7 7 
2 2 47 14 47 
2 1 47 3 47 
3 2 47 4 47 12 47 
2 3 47 5 47 
2 4 47 6 47 
3 5 47 7 47 11 47 
2 6 47 8 47 
2 7 47 9 47 
3 8 47 10 47 21 50 
3 9 47 11 47 16 47 
3 6 47 10 47 12 47 
3 3 47 11 47 13 47 
3 12 47 14 47 15 47 
2 1 47 13 47 
3 13 47 16 47 20 47 
3 10 47 15 47 17 47 
2 16 47 18 47 
2 17 47 19 47 
2 18 47 20 47 
2 15 47 19 47 
3 9 50 22 117 23 117 
1 21 117 
1 21 117 
1
17
3 3 3 3 3 3 3 3 3 6 3 3 6 3 6 7 7 
2 2 47 14 47 
2 1 47 3 47 
3 2 47 4 47 12 47 
2 3 47 5 47 
3 4 47 6 47 15 50 
3 5 47 7 47 11 47 
2 6 47 8 47 
2 7 47 9 47 
2 8 47 10 50 
2 9 50 11 113 
3 6 47 10 113 12 47 
3 3 47 11 47 13 50 
2 12 50 14 113 
2 1 47 13 113 
3 5 50 16 117 17 117 
1 15 117 
1 15 117 
1
20
3 3 3 3 3 3 3 3 3 3 3 3 3 3 3 3 7 6 7 7 
2 2 47 14 47 
2 1 47 3 47 
3 2 47 4 47 12 47 
2 3 47 5 47 
2 4 47 6 47 
3 5 47 7 47 11 47 
2 6 47 8 47 
2 7 47 9 47 
3 8 47 10 47 18 50 
3 9 47 11 47 16 47 
3 6 47 10 47 12 47 
3 3 47 11 47 13 47 
3 12 47 14 47 15 47 
2 1 47 13 47 
2 13 47 16 47 
3 10 47 15 47 17 51 
1 16 51 
3 9 50 19 117 20 117 
1 18 117 
1 18 117 
1
25
3 3 3 3 3 3 3 3 3 3 3 3 3 3 3 3 6 7 7 6 7 7 6 7 7 
2 2 47 6 47 
2 1 47 3 47 
2 2 47 4 47 
3 3 47 5 47 13 47 
3 4 47 6 47 7 47 
2 1 47 5 47 
3 5 47 8 47 12 47 
2 7 47 9 47 
3 8 47 10 47 23 50 
2 9 47 11 47 
3 10 47 12 47 16 47 
3 7 47 11 47 13 47 
3 4 47 12 47 14 47 
2 13 47 15 47 
3 14 47 16 47 20 50 
3 11 47 15 47 17 50 
3 16 50 18 117 19 117 
1 17 117 
1 17 117 
3 15 50 21 117 22 117 
1 20 117 
1 20 117 
3 9 50 24 117 25 117 
1 23 117 
1 23 117 
1
19
3 3 3 3 3 3 3 3 3 3 3 3 3 3 3 3 6 7 7 
2 2 47 6 47 
2 1 47 3 47 
2 2 47 4 47 
3 3 47 5 47 13 47 
3 4 47 6 47 7 47 
2 1 47 5 47 
3 5 47 8 47 12 47 
2 7 47 9 47 
2 8 47 10 47 
2 9 47 11 47 
3 10 47 12 47 16 47 
3 7 47 11 47 13 47 
3 4 47 12 47 14 47 
2 13 47 15 47 
2 14 47 16 47 
3 11 47 15 47 17 50 
3 16 50 18 117 19 117 
1 17 117 
1 17 117 
1
28
3 3 3 3 3 3 3 3 3 3 3 3 3 3 3 3 3 3 3 3 3 3 6 7 7 6 7 7 
2 2 47 14 47 
2 1 47 3 47 
3 2 47 4 47 12 47 
2 3 47 5 47 
2 4 47 6 47 
3 5 47 7 47 11 47 
3 6 47 8 47 26 50 
2 7 47 9 47 
2 8 47 10 47 
3 9 47 11 47 19 47 
3 6 47 10 47 12 47 
3 3 47 11 47 13 47 
3 12 47 14 47 18 47 
3 1 47 13 47 15 47 
2 14 47 16 47 
2 15 47 17 47 
3 16 47 18 47 22 47 
3 13 47 17 47 19 47 
3 10 47 18 47 20 47 
2 19 47 21 47 
2 20 47 22 47 
3 17 47 21 47 23 50 
3 22 50 24 117 25 117 
1 23 117 
1 23 117 
3 7 50 27 117 28 117 
1 26 117 
1 26 117 
1
17
3 3 3 3 3 3 3 3 3 3 3 3 3 3 6 7 7 
1 2 47 
3 1 47 3 47 7 47 
2 2 47 4 47 
2 3 47 5 47 
3 4 47 6 47 10 47 
3 5 47 7 47 8 47 
2 2 47 6 47 
2 6 47 9 47 
3 8 47 10 47 14 47 
3 5 47 9 47 11 47 
2 10 47 12 47 
2 11 47 13 47 
3 12 47 14 47 15 50 
2 9 47 13 47 
3 13 50 16 117 17 117 
1 15 117 
1 15 117 
1
15
3 3 3 3 3 3 3 3 3 3 3 3 6 7 7 
2 2 47 10 47 
2 1 47 3 47 
3 2 47 4 47 8 47 
2 3 47 5 47 
2 4 47 6 47 
3 5 47 7 47 13 50 
3 6 47 8 47 12 47 
3 3 47 7 47 9 47 
3 8 47 10 47 11 47 
2 1 47 9 47 
2 9 47 12 47 
2 7 47 11 47 
3 6 50 14 117 15 117 
1 13 117 
1 13 117 
1
12
3 3 3 3 3 3 6 7 7 3 3 3 
2 2 47 6 47 
2 1 47 3 47 
3 2 47 4 47 12 47 
3 3 47 5 47 10 47 
2 4 47 6 47 
3 1 47 5 47 7 50 
3 6 50 8 117 9 117 
1 7 117 
1 7 117 
2 4 47 11 47 
2 10 47 12 47 
2 3 47 11 47 
1
21
3 3 3 3 3 3 6 7 7 3 3 3 3 3 3 6 7 7 6 7 7 
2 2 47 6 47 
2 1 47 3 47 
3 2 47 4 47 10 47 
2 3 47 5 47 
3 4 47 6 47 7 50 
2 1 47 5 47 
3 5 50 8 117 9 117 
1 7 117 
1 7 117 
3 3 47 11 47 15 47 
2 10 47 12 47 
2 11 47 13 47 
3 12 47 14 47 19 50 
2 13 47 15 47 
3 10 47 14 47 16 50 
3 15 50 17 117 18 117 
1 16 117 
1 16 117 
3 13 50 20 117 21 117 
1 19 117 
1 19 117 
1
23
3 3 3 3 3 3 3 3 3 3 3 3 3 3 3 3 6 7 7 3 3 3 3 
2 2 47 10 47 
2 1 47 3 47 
3 2 47 4 47 8 47 
3 3 47 5 47 23 47 
3 4 47 6 47 20 47 
2 5 47 7 47 
3 6 47 8 47 16 47 
3 3 47 7 47 9 47 
3 8 47 10 47 14 47 
3 1 47 9 47 11 47 
2 10 47 12 47 
2 11 47 13 47 
3 12 47 14 47 17 50 
3 9 47 13 47 15 47 
2 14 47 16 47 
2 7 47 15 47 
3 13 50 18 117 19 117 
1 17 117 
1 17 117 
2 5 47 21 47 
2 20 47 22 47 
2 21 47 23 47 
2 4 47 22 47 
1
17
3 3 3 3 3 3 3 3 3 3 3 3 3 3 6 7 7 
2 2 47 6 47 
2 1 47 3 47 
2 2 47 4 47 
3 3 47 5 47 10 47 
3 4 47 6 47 7 47 
2 1 47 5 47 
2 5 47 8 47 
3 7 47 9 47 15 50 
3 8 47 10 47 14 47 
3 4 47 9 47 11 47 
2 10 47 12 47 
2 11 47 13 47 
2 12 47 14 47 
2 9 47 13 47 
3 8 50 16 117 17 117 
1 15 117 
1 15 117 
1
25
3 3 3 3 3 3 3 3 3 3 3 3 3 3 3 3 6 7 7 6 7 7 6 7 7 
2 2 47 6 47 
2 1 47 3 47 
2 2 47 4 47 
3 3 47 5 47 13 47 
3 4 47 6 47 7 47 
2 1 47 5 47 
3 5 47 8 47 12 47 
2 7 47 9 47 
3 8 47 10 47 23 50 
2 9 47 11 47 
3 10 47 12 47 16 47 
3 7 47 11 47 13 47 
3 4 47 12 47 14 47 
3 13 47 15 47 20 50 
3 14 47 16 47 17 50 
2 11 47 15 47 
3 15 50 18 117 19 117 
1 17 117 
1 17 117 
3 14 50 21 117 22 117 
1 20 117 
1 20 117 
3 9 50 24 117 25 117 
1 23 117 
1 23 117 
1
21
3 3 3 3 3 3 3 3 3 3 3 3 3 3 3 3 3 3 6 7 7 
2 2 47 6 47 
2 1 47 3 47 
2 2 47 4 47 
3 3 47 5 47 10 47 
3 4 47 6 47 7 47 
2 1 47 5 47 
2 5 47 8 47 
2 7 47 9 47 
3 8 47 10 47 14 47 
3 4 47 9 47 11 47 
2 10 47 12 47 
3 11 47 13 47 19 50 
3 12 47 14 47 18 47 
3 9 47 13 47 15 47 
2 14 47 16 47 
2 15 47 17 47 
2 16 47 18 47 
2 13 47 17 47 
3 12 50 20 117 21 117 
1 19 117 
1 19 117 
1
19
3 3 3 3 3 3 3 3 3 3 3 3 3 3 3 3 6 7 7 
2 2 47 14 47 
2 1 47 3 47 
3 2 47 4 47 12 47 
2 3 47 5 47 
2 4 47 6 47 
3 5 47 7 47 11 47 
2 6 47 8 47 
3 7 47 9 47 17 50 
2 8 47 10 47 
3 9 47 11 47 16 47 
3 6 47 10 47 12 47 
3 3 47 11 47 13 47 
3 12 47 14 47 15 47 
2 1 47 13 47 
2 13 47 16 47 
2 10 47 15 47 
3 8 50 18 117 19 117 
1 17 117 
1 17 117 
1
20
3 3 3 3 3 3 6 7 7 6 3 3 3 3 3 3 6 6 7 7 
2 2 47 6 47 
2 1 47 3 47 
3 2 47 4 47 17 50 
3 3 47 5 47 10 50 
3 4 47 6 47 7 50 
2 1 47 5 47 
3 5 50 8 117 9 117 
1 7 117 
1 7 117 
2 4 50 11 113 
3 10 113 12 47 16 47 
2 11 47 13 47 
2 12 47 14 47 
3 13 47 15 47 18 50 
2 14 47 16 47 
3 11 47 15 47 17 50 
2 3 50 16 50 
3 14 50 19 117 20 117 
1 18 117 
1 18 117 
1
21
3 3 3 3 3 3 6 7 7 3 3 3 3 3 3 6 7 7 6 7 7 
2 2 47 6 47 
2 1 47 3 47 
3 2 47 4 47 10 47 
2 3 47 5 47 
3 4 47 6 47 7 50 
2 1 47 5 47 
3 5 50 8 117 9 117 
1 7 117 
1 7 117 
3 3 47 11 47 15 47 
2 10 47 12 47 
2 11 47 13 47 
3 12 47 14 47 19 50 
3 13 47 15 47 16 50 
2 10 47 14 47 
3 14 50 17 117 18 117 
1 16 117 
1 16 117 
3 13 50 20 117 21 117 
1 19 117 
1 19 117 
1
15
3 3 3 3 3 3 3 3 3 3 6 7 7 3 3 
2 2 47 10 47 
2 1 47 3 47 
3 2 47 4 47 15 47 
3 3 47 5 47 9 47 
3 4 47 6 47 14 47 
2 5 47 7 47 
2 6 47 8 47 
3 7 47 9 47 11 50 
3 4 47 8 47 10 47 
2 1 47 9 47 
3 8 50 12 117 13 117 
1 11 117 
1 11 117 
2 5 47 15 47 
2 3 47 14 47 
1
20
3 3 3 3 3 3 3 3 3 3 3 3 3 3 3 3 6 6 7 7 
2 2 47 10 47 
2 1 47 3 47 
3 2 47 4 47 8 47 
2 3 47 5 47 
2 4 47 6 47 
3 5 47 7 47 18 50 
3 6 47 8 47 16 47 
3 3 47 7 47 9 47 
3 8 47 10 47 14 47 
3 1 47 9 47 11 47 
2 10 47 12 47 
2 11 47 13 47 
3 12 47 14 47 17 50 
3 9 47 13 47 15 47 
2 14 47 16 47 
2 7 47 15 47 
1 13 50 
3 6 50 19 117 20 117 
1 18 117 
1 18 117 
1
22
3 3 3 3 3 3 3 3 3 3 3 3 3 3 3 3 6 7 7 6 7 7 
2 2 47 10 47 
2 1 47 3 47 
3 2 47 4 47 8 47 
2 3 47 5 47 
3 4 47 6 47 20 50 
2 5 47 7 47 
3 6 47 8 47 16 47 
3 3 47 7 47 9 47 
3 8 47 10 47 14 47 
3 1 47 9 47 11 47 
2 10 47 12 47 
3 11 47 13 47 17 50 
2 12 47 14 47 
3 9 47 13 47 15 47 
2 14 47 16 47 
2 7 47 15 47 
3 12 50 18 117 19 117 
1 17 117 
1 17 117 
3 5 50 21 117 22 117 
1 20 117 
1 20 117 
1
20
3 3 3 3 3 3 3 3 3 3 3 3 3 3 3 3 7 6 7 7 
2 2 47 14 47 
2 1 47 3 47 
3 2 47 4 47 12 47 
2 3 47 5 47 
2 4 47 6 47 
3 5 47 7 47 11 47 
3 6 47 8 47 18 50 
2 7 47 9 47 
3 8 47 10 47 17 51 
3 9 47 11 47 16 47 
3 6 47 10 47 12 47 
3 3 47 11 47 13 47 
3 12 47 14 47 15 47 
2 1 47 13 47 
2 13 47 16 47 
2 10 47 15 47 
1 9 51 
3 7 50 19 117 20 117 
1 18 117 
1 18 117 
1
22
3 3 3 3 3 3 3 3 3 3 3 3 3 3 3 3 6 7 7 6 7 7 
2 2 47 6 47 
2 1 47 3 47 
2 2 47 4 47 
3 3 47 5 47 13 47 
3 4 47 6 47 7 47 
2 1 47 5 47 
3 5 47 8 47 12 47 
2 7 47 9 47 
2 8 47 10 47 
2 9 47 11 47 
3 10 47 12 47 16 47 
3 7 47 11 47 13 47 
3 4 47 12 47 14 47 
2 13 47 15 47 
3 14 47 16 47 20 50 
3 11 47 15 47 17 50 
3 16 50 18 117 19 117 
1 17 117 
1 17 117 
3 15 50 21 117 22 117 
1 20 117 
1 20 117 
1
22
3 3 3 3 3 3 3 3 3 3 3 3 3 3 3 3 6 7 7 6 7 7 
2 2 47 6 47 
2 1 47 3 47 
2 2 47 4 47 
3 3 47 5 47 13 47 
3 4 47 6 47 7 47 
2 1 47 5 47 
3 5 47 8 47 12 47 
2 7 47 9 47 
2 8 47 10 47 
3 9 47 11 47 20 50 
3 10 47 12 47 16 47 
3 7 47 11 47 13 47 
3 4 47 12 47 14 47 
2 13 47 15 47 
3 14 47 16 47 17 50 
2 11 47 15 47 
3 15 50 18 117 19 117 
1 17 117 
1 17 117 
3 10 50 21 117 22 117 
1 20 117 
1 20 117 
1
16
3 3 3 3 3 3 3 3 3 3 6 7 7 6 7 7 
2 2 47 10 47 
2 1 47 3 47 
3 2 47 4 47 8 47 
2 3 47 5 47 
2 4 47 6 47 
2 5 47 7 47 
3 6 47 8 47 14 50 
3 3 47 7 47 9 47 
3 8 47 10 47 11 50 
2 1 47 9 47 
3 9 50 12 117 13 117 
1 11 117 
1 11 117 
3 7 50 15 117 16 117 
1 14 117 
1 14 117 
1
16
3 3 3 3 3 3 6 3 3 3 3 3 3 6 7 7 
2 2 47 6 47 
2 1 47 3 47 
3 2 47 4 47 8 47 
2 3 47 5 47 
3 4 47 6 47 7 50 
2 1 47 5 47 
1 5 50 
3 3 47 9 47 13 47 
2 8 47 10 47 
2 9 47 11 47 
3 10 47 12 47 14 50 
2 11 47 13 47 
2 8 47 12 47 
3 11 50 15 117 16 117 
1 14 117 
1 14 117 
1
16
3 3 3 3 3 3 3 3 3 3 3 3 6 7 7 6 
2 2 47 6 47 
2 1 47 3 47 
3 2 47 4 47 16 50 
2 3 47 5 47 
2 4 47 6 47 
3 1 47 5 47 7 47 
3 6 47 8 47 12 47 
2 7 47 9 47 
2 8 47 10 47 
3 9 47 11 47 13 50 
2 10 47 12 47 
2 7 47 11 47 
3 10 50 14 117 15 117 
1 13 117 
1 13 117 
1 3 50 
1
15
3 3 3 3 3 3 3 3 3 3 3 3 6 7 7 
2 2 47 10 47 
2 1 47 3 47 
3 2 47 4 47 8 47 
2 3 47 5 47 
2 4 47 6 47 
3 5 47 7 47 13 50 
3 6 47 8 47 12 47 
3 3 47 7 47 9 47 
3 8 47 10 47 11 47 
2 1 47 9 47 
2 9 47 12 47 
2 7 47 11 47 
3 6 50 14 117 15 117 
1 13 117 
1 13 117 
1
20
3 3 3 3 3 3 6 7 7 6 3 3 3 3 3 3 6 6 7 7 
2 2 47 6 47 
2 1 47 3 47 
3 2 47 4 47 17 50 
3 3 47 5 47 10 50 
2 4 47 6 47 
3 1 47 5 47 7 50 
3 6 50 8 117 9 117 
1 7 117 
1 7 117 
2 4 50 11 113 
3 10 113 12 47 16 47 
2 11 47 13 47 
2 12 47 14 47 
3 13 47 15 47 18 50 
2 14 47 16 47 
3 11 47 15 47 17 50 
2 3 50 16 50 
3 14 50 19 117 20 117 
1 18 117 
1 18 117 
1
12
3 3 3 3 6 6 3 3 3 6 7 7 
2 2 47 9 47 
2 1 47 3 47 
3 2 47 4 47 7 47 
2 3 47 5 50 
2 4 50 6 116 
2 5 116 7 113 
3 3 47 6 113 8 47 
3 7 47 9 47 10 50 
2 1 47 8 47 
3 8 50 11 117 12 117 
1 10 117 
1 10 117 
1
22
3 3 3 3 3 3 3 3 3 3 3 3 3 3 3 3 6 7 7 6 7 7 
2 2 47 6 47 
2 1 47 3 47 
2 2 47 4 47 
3 3 47 5 47 13 47 
3 4 47 6 47 7 47 
2 1 47 5 47 
3 5 47 8 47 12 47 
2 7 47 9 47 
3 8 47 10 47 20 50 
2 9 47 11 47 
3 10 47 12 47 16 47 
3 7 47 11 47 13 47 
3 4 47 12 47 14 47 
2 13 47 15 47 
3 14 47 16 47 17 50 
2 11 47 15 47 
3 15 50 18 117 19 117 
1 17 117 
1 17 117 
3 9 50 21 117 22 117 
1 20 117 
1 20 117 
1
15
3 3 3 3 3 3 3 3 3 3 6 7 7 3 3 
2 2 47 10 47 
2 1 47 3 47 
3 2 47 4 47 15 47 
3 3 47 5 47 9 47 
3 4 47 6 47 14 47 
2 5 47 7 47 
2 6 47 8 47 
3 7 47 9 47 11 50 
3 4 47 8 47 10 47 
2 1 47 9 47 
3 8 50 12 117 13 117 
1 11 117 
1 11 117 
2 5 47 15 47 
2 3 47 14 47 
1
20
3 3 3 3 3 3 3 3 3 3 3 3 3 3 3 3 7 6 7 7 
2 2 47 10 47 
2 1 47 3 47 
3 2 47 4 47 8 47 
3 3 47 5 47 18 50 
2 4 47 6 47 
2 5 47 7 47 
3 6 47 8 47 16 47 
3 3 47 7 47 9 47 
3 8 47 10 47 14 47 
3 1 47 9 47 11 47 
2 10 47 12 47 
2 11 47 13 47 
3 12 47 14 47 17 51 
3 9 47 13 47 15 47 
2 14 47 16 47 
2 7 47 15 47 
1 13 51 
3 4 50 19 117 20 117 
1 18 117 
1 18 117 
1
20
3 3 7 6 3 3 3 3 3 3 3 3 3 3 3 3 3 6 7 7 
1 2 47 
3 1 47 3 51 4 50 
1 2 51 
2 2 50 5 113 
3 4 113 6 47 10 47 
2 5 47 7 47 
2 6 47 8 47 
3 7 47 9 47 13 47 
3 8 47 10 47 11 47 
2 5 47 9 47 
2 9 47 12 47 
3 11 47 13 47 17 47 
3 8 47 12 47 14 47 
2 13 47 15 47 
2 14 47 16 47 
3 15 47 17 47 18 50 
2 12 47 16 47 
3 16 50 19 117 20 117 
1 18 117 
1 18 117 
1
20
3 3 3 3 3 3 3 3 3 3 3 3 3 3 3 3 6 7 7 7 
2 2 47 10 47 
2 1 47 3 47 
3 2 47 4 47 8 47 
2 3 47 5 47 
2 4 47 6 47 
3 5 47 7 47 20 51 
3 6 47 8 47 16 47 
3 3 47 7 47 9 47 
3 8 47 10 47 14 47 
3 1 47 9 47 11 47 
2 10 47 12 47 
2 11 47 13 47 
3 12 47 14 47 17 50 
3 9 47 13 47 15 47 
2 14 47 16 47 
2 7 47 15 47 
3 13 50 18 117 19 117 
1 17 117 
1 17 117 
1 6 51 
1
19
3 3 3 3 3 3 3 3 3 3 3 3 3 3 3 3 6 7 7 
2 2 47 14 47 
2 1 47 3 47 
3 2 47 4 47 12 47 
2 3 47 5 47 
2 4 47 6 47 
3 5 47 7 47 11 47 
2 6 47 8 47 
2 7 47 9 47 
3 8 47 10 47 17 50 
3 9 47 11 47 16 47 
3 6 47 10 47 12 47 
3 3 47 11 47 13 47 
3 12 47 14 47 15 47 
2 1 47 13 47 
2 13 47 16 47 
2 10 47 15 47 
3 9 50 18 117 19 117 
1 17 117 
1 17 117 
1
26
3 3 3 3 3 3 3 3 3 3 3 3 3 3 3 3 3 3 3 3 6 7 7 6 7 7 
2 2 47 6 47 
2 1 47 3 47 
2 2 47 4 47 
3 3 47 5 47 14 47 
3 4 47 6 47 7 47 
2 1 47 5 47 
3 5 47 8 47 12 47 
2 7 47 9 47 
2 8 47 10 47 
3 9 47 11 47 24 50 
3 10 47 12 47 20 47 
3 7 47 11 47 13 47 
3 12 47 14 47 18 47 
3 4 47 13 47 15 47 
3 14 47 16 47 21 50 
2 15 47 17 47 
2 16 47 18 47 
3 13 47 17 47 19 47 
2 18 47 20 47 
2 11 47 19 47 
3 15 50 22 117 23 117 
1 21 117 
1 21 117 
3 10 50 25 117 26 117 
1 24 117 
1 24 117 
1
24
3 3 3 3 3 3 3 3 3 3 3 3 6 7 7 6 7 7 6 7 7 6 7 7 
2 2 47 6 47 
2 1 47 3 47 
3 2 47 4 47 22 50 
3 3 47 5 47 19 50 
2 4 47 6 47 
3 1 47 5 47 7 47 
3 6 47 8 47 12 47 
2 7 47 9 47 
2 8 47 10 47 
3 9 47 11 47 16 50 
3 10 47 12 47 13 50 
2 7 47 11 47 
3 11 50 14 117 15 117 
1 13 117 
1 13 117 
3 10 50 17 117 18 117 
1 16 117 
1 16 117 
3 4 50 20 117 21 117 
1 19 117 
1 19 117 
3 3 50 23 117 24 117 
1 22 117 
1 22 117 
1
22
3 3 3 3 3 3 3 3 3 3 3 3 3 3 3 3 6 7 7 6 7 7 
2 2 47 10 47 
2 1 47 3 47 
3 2 47 4 47 8 47 
2 3 47 5 47 
3 4 47 6 47 20 50 
2 5 47 7 47 
3 6 47 8 47 16 47 
3 3 47 7 47 9 47 
3 8 47 10 47 14 47 
3 1 47 9 47 11 47 
2 10 47 12 47 
3 11 47 13 47 17 50 
2 12 47 14 47 
3 9 47 13 47 15 47 
2 14 47 16 47 
2 7 47 15 47 
3 12 50 18 117 19 117 
1 17 117 
1 17 117 
3 5 50 21 117 22 117 
1 20 117 
1 20 117 
1
22
3 3 3 3 3 3 3 3 3 3 3 3 3 3 3 3 6 7 7 6 7 7 
2 2 47 14 47 
2 1 47 3 47 
3 2 47 4 47 12 47 
2 3 47 5 47 
2 4 47 6 47 
3 5 47 7 47 11 47 
3 6 47 8 47 20 50 
2 7 47 9 47 
3 8 47 10 47 17 50 
3 9 47 11 47 16 47 
3 6 47 10 47 12 47 
3 3 47 11 47 13 47 
3 12 47 14 47 15 47 
2 1 47 13 47 
2 13 47 16 47 
2 10 47 15 47 
3 9 50 18 117 19 117 
1 17 117 
1 17 117 
3 7 50 21 117 22 117 
1 20 117 
1 20 117 
1
19
3 3 3 3 3 3 3 3 3 3 3 3 3 3 3 3 6 7 7 
2 2 47 10 47 
2 1 47 3 47 
3 2 47 4 47 8 47 
2 3 47 5 47 
2 4 47 6 47 
2 5 47 7 47 
3 6 47 8 47 12 47 
3 3 47 7 47 9 47 
3 8 47 10 47 11 47 
2 1 47 9 47 
3 9 47 12 47 16 47 
3 7 47 11 47 13 47 
2 12 47 14 47 
3 13 47 15 47 17 50 
2 14 47 16 47 
2 11 47 15 47 
3 14 50 18 117 19 117 
1 17 117 
1 17 117 
1
23
3 3 7 7 3 3 3 3 3 3 3 3 3 3 3 3 3 3 3 3 6 7 7 
1 2 47 
3 1 47 3 51 4 51 
1 2 51 
2 2 51 5 135 
3 4 135 6 47 18 47 
2 5 47 7 47 
3 6 47 8 47 21 50 
3 7 47 9 47 17 47 
2 8 47 10 47 
2 9 47 11 47 
3 10 47 12 47 16 47 
2 11 47 13 47 
2 12 47 14 47 
2 13 47 15 47 
3 14 47 16 47 20 47 
3 11 47 15 47 17 47 
3 8 47 16 47 18 47 
3 5 47 17 47 19 47 
2 18 47 20 47 
2 15 47 19 47 
3 7 50 22 117 23 117 
1 21 117 
1 21 117 
1
22
3 3 3 3 3 3 3 3 3 3 3 3 3 3 3 3 6 7 7 6 7 7 
2 2 47 10 47 
2 1 47 3 47 
3 2 47 4 47 8 47 
3 3 47 5 47 20 50 
2 4 47 6 47 
2 5 47 7 47 
3 6 47 8 47 16 47 
3 3 47 7 47 9 47 
3 8 47 10 47 14 47 
3 1 47 9 47 11 47 
2 10 47 12 47 
2 11 47 13 47 
3 12 47 14 47 17 50 
3 9 47 13 47 15 47 
2 14 47 16 47 
2 7 47 15 47 
3 13 50 18 117 19 117 
1 17 117 
1 17 117 
3 4 50 21 117 22 117 
1 20 117 
1 20 117 
1
13
3 3 3 3 3 3 6 7 7 6 7 7 4 
2 2 47 6 47 
2 1 47 3 47 
3 2 47 4 47 13 48 
3 3 47 5 47 10 50 
2 4 47 6 47 
3 1 47 5 47 7 50 
3 6 50 8 117 9 117 
1 7 117 
1 7 117 
3 4 50 11 117 12 117 
1 10 117 
1 10 117 
1 3 48 
1
22
3 3 3 3 3 3 3 3 3 3 3 3 3 3 3 3 6 7 7 6 7 7 
2 2 47 6 47 
2 1 47 3 47 
2 2 47 4 47 
3 3 47 5 47 13 47 
3 4 47 6 47 7 47 
2 1 47 5 47 
3 5 47 8 47 12 47 
2 7 47 9 47 
2 8 47 10 47 
3 9 47 11 47 20 50 
3 10 47 12 47 16 47 
3 7 47 11 47 13 47 
3 4 47 12 47 14 47 
2 13 47 15 47 
2 14 47 16 47 
3 11 47 15 47 17 50 
3 16 50 18 117 19 117 
1 17 117 
1 17 117 
3 10 50 21 117 22 117 
1 20 117 
1 20 117 
1
17
3 3 3 3 3 3 6 3 3 3 3 3 3 6 6 7 7 
2 2 47 6 47 
2 1 47 3 47 
2 2 47 4 47 
3 3 47 5 47 14 50 
3 4 47 6 47 7 50 
2 1 47 5 47 
2 5 50 8 113 
3 7 113 9 47 13 47 
2 8 47 10 47 
2 9 47 11 47 
2 10 47 12 47 
3 11 47 13 47 15 50 
3 8 47 12 47 14 50 
2 4 50 13 50 
3 12 50 16 117 17 117 
1 15 117 
1 15 117 
1
24
3 3 3 3 3 3 6 7 7 6 7 7 3 3 3 3 3 3 6 7 7 6 7 7 
2 2 47 6 47 
2 1 47 3 47 
3 2 47 4 47 13 47 
3 3 47 5 47 10 50 
2 4 47 6 47 
3 1 47 5 47 7 50 
3 6 50 8 117 9 117 
1 7 117 
1 7 117 
3 4 50 11 117 12 117 
1 10 117 
1 10 117 
3 3 47 14 47 18 47 
2 13 47 15 47 
2 14 47 16 47 
3 15 47 17 47 22 50 
2 16 47 18 47 
3 13 47 17 47 19 50 
3 18 50 20 117 21 117 
1 19 117 
1 19 117 
3 16 50 23 117 24 117 
1 22 117 
1 22 117 
1
12
3 3 3 3 3 6 6 3 3 6 7 7 
2 2 47 9 47 
2 1 47 3 47 
3 2 47 4 47 10 50 
2 3 47 5 47 
3 4 47 6 50 9 47 
2 5 50 7 116 
2 6 116 8 113 
2 7 113 9 47 
3 1 47 5 47 8 47 
3 3 50 11 117 12 117 
1 10 117 
1 10 117 
1
21
3 3 3 3 3 3 3 3 3 3 3 3 6 7 7 6 7 7 6 7 7 
2 2 47 6 47 
2 1 47 3 47 
3 2 47 4 47 19 50 
2 3 47 5 47 
2 4 47 6 47 
3 1 47 5 47 7 47 
3 6 47 8 47 12 47 
2 7 47 9 47 
2 8 47 10 47 
3 9 47 11 47 16 50 
3 10 47 12 47 13 50 
2 7 47 11 47 
3 11 50 14 117 15 117 
1 13 117 
1 13 117 
3 10 50 17 117 18 117 
1 16 117 
1 16 117 
3 3 50 20 117 21 117 
1 19 117 
1 19 117 
1
22
3 3 3 3 3 3 3 3 3 3 3 3 3 3 3 3 6 7 7 6 7 7 
2 2 47 10 47 
2 1 47 3 47 
3 2 47 4 47 8 47 
3 3 47 5 47 20 50 
2 4 47 6 47 
2 5 47 7 47 
3 6 47 8 47 12 47 
3 3 47 7 47 9 47 
3 8 47 10 47 11 47 
2 1 47 9 47 
3 9 47 12 47 16 47 
3 7 47 11 47 13 47 
2 12 47 14 47 
3 13 47 15 47 17 50 
2 14 47 16 47 
2 11 47 15 47 
3 14 50 18 117 19 117 
1 17 117 
1 17 117 
3 4 50 21 117 22 117 
1 20 117 
1 20 117 
1
12
3 3 3 3 3 3 6 7 7 3 3 3 
2 2 47 6 47 
2 1 47 3 47 
3 2 47 4 47 12 47 
3 3 47 5 47 10 47 
2 4 47 6 47 
3 1 47 5 47 7 50 
3 6 50 8 117 9 117 
1 7 117 
1 7 117 
2 4 47 11 47 
2 10 47 12 47 
2 3 47 11 47 
1
20
3 3 3 3 3 3 6 7 7 6 3 3 6 3 3 3 3 6 7 7 
2 2 47 6 47 
2 1 47 3 47 
3 2 47 4 47 13 50 
3 3 47 5 47 10 50 
3 4 47 6 47 7 50 
2 1 47 5 47 
3 5 50 8 117 9 117 
1 7 117 
1 7 117 
2 4 50 11 113 
3 10 113 12 47 17 47 
3 11 47 13 50 14 47 
2 3 50 12 50 
2 12 47 15 47 
2 14 47 16 47 
2 15 47 17 47 
3 11 47 16 47 18 50 
3 17 50 19 117 20 117 
1 18 117 
1 18 117 
1
13
3 6 6 3 3 3 3 3 3 3 6 7 7 
1 2 50 
3 1 50 3 116 6 113 
2 2 116 4 113 
3 3 113 5 47 10 47 
3 4 47 6 47 7 47 
2 2 113 5 47 
2 5 47 8 47 
2 7 47 9 47 
2 8 47 10 47 
3 4 47 9 47 11 50 
3 10 50 12 117 13 117 
1 11 117 
1 11 117 
1
28
3 3 3 3 3 3 3 3 3 3 3 3 3 3 3 3 3 3 3 3 3 3 6 7 7 6 7 7 
2 2 47 14 47 
2 1 47 3 47 
3 2 47 4 47 12 47 
2 3 47 5 47 
2 4 47 6 47 
3 5 47 7 47 11 47 
3 6 47 8 47 26 50 
2 7 47 9 47 
2 8 47 10 47 
3 9 47 11 47 19 47 
3 6 47 10 47 12 47 
3 3 47 11 47 13 47 
3 12 47 14 47 18 47 
3 1 47 13 47 15 47 
2 14 47 16 47 
2 15 47 17 47 
3 16 47 18 47 22 47 
3 13 47 17 47 19 47 
3 10 47 18 47 20 47 
3 19 47 21 47 23 50 
2 20 47 22 47 
2 17 47 21 47 
3 20 50 24 117 25 117 
1 23 117 
1 23 117 
3 7 50 27 117 28 117 
1 26 117 
1 26 117 
1
22
3 3 3 3 3 3 3 3 3 3 3 3 3 3 3 3 6 7 7 6 7 7 
2 2 47 10 47 
2 1 47 3 47 
3 2 47 4 47 8 47 
2 3 47 5 47 
2 4 47 6 47 
3 5 47 7 47 20 50 
3 6 47 8 47 16 47 
3 3 47 7 47 9 47 
3 8 47 10 47 14 47 
3 1 47 9 47 11 47 
2 10 47 12 47 
2 11 47 13 47 
3 12 47 14 47 17 50 
3 9 47 13 47 15 47 
2 14 47 16 47 
2 7 47 15 47 
3 13 50 18 117 19 117 
1 17 117 
1 17 117 
3 6 50 21 117 22 117 
1 20 117 
1 20 117 
1
22
3 3 3 3 3 3 3 3 3 3 3 3 3 3 3 3 6 7 7 6 7 7 
2 2 47 10 47 
2 1 47 3 47 
3 2 47 4 47 8 47 
3 3 47 5 47 20 50 
2 4 47 6 47 
2 5 47 7 47 
3 6 47 8 47 12 47 
3 3 47 7 47 9 47 
3 8 47 10 47 11 47 
2 1 47 9 47 
3 9 47 12 47 16 47 
3 7 47 11 47 13 47 
2 12 47 14 47 
2 13 47 15 47 
2 14 47 16 47 
3 11 47 15 47 17 50 
3 16 50 18 117 19 117 
1 17 117 
1 17 117 
3 4 50 21 117 22 117 
1 20 117 
1 20 117 
1
21
3 3 3 3 3 3 3 3 3 3 3 3 3 3 3 3 3 3 6 7 7 
2 2 47 6 47 
2 1 47 3 47 
2 2 47 4 47 
3 3 47 5 47 14 47 
3 4 47 6 47 7 47 
2 1 47 5 47 
3 5 47 8 47 12 47 
2 7 47 9 47 
2 8 47 10 47 
2 9 47 11 47 
2 10 47 12 47 
3 7 47 11 47 13 47 
3 12 47 14 47 18 47 
3 4 47 13 47 15 47 
2 14 47 16 47 
2 15 47 17 47 
3 16 47 18 47 19 50 
2 13 47 17 47 
3 17 50 20 117 21 117 
1 19 117 
1 19 117 
1
17
3 3 3 3 3 3 3 3 3 3 3 3 3 7 6 7 7 
2 2 47 6 47 
2 1 47 3 47 
2 2 47 4 47 
3 3 47 5 47 13 47 
3 4 47 6 47 7 47 
2 1 47 5 47 
3 5 47 8 47 12 47 
2 7 47 9 47 
3 8 47 10 47 15 50 
2 9 47 11 47 
2 10 47 12 47 
3 7 47 11 47 13 47 
3 4 47 12 47 14 51 
1 13 51 
3 9 50 16 117 17 117 
1 15 117 
1 15 117 
1
17
3 3 3 3 3 3 3 3 3 3 3 3 3 3 6 7 7 
2 2 47 6 47 
2 1 47 3 47 
2 2 47 4 47 
3 3 47 5 47 10 47 
3 4 47 6 47 7 47 
2 1 47 5 47 
2 5 47 8 47 
2 7 47 9 47 
3 8 47 10 47 14 47 
3 4 47 9 47 11 47 
2 10 47 12 47 
2 11 47 13 47 
3 12 47 14 47 15 50 
2 9 47 13 47 
3 13 50 16 117 17 117 
1 15 117 
1 15 117 
1
18
3 3 3 3 3 3 3 6 3 3 3 3 3 3 3 6 7 7 
2 2 47 6 47 
2 1 47 3 47 
3 2 47 4 47 11 47 
3 3 47 5 47 9 47 
2 4 47 6 47 
3 1 47 5 47 7 47 
2 6 47 8 50 
1 7 50 
2 4 47 10 47 
3 9 47 11 47 15 47 
3 3 47 10 47 12 47 
2 11 47 13 47 
2 12 47 14 47 
3 13 47 15 47 16 50 
2 10 47 14 47 
3 14 50 17 117 18 117 
1 16 117 
1 16 117 
1
18
3 3 3 3 3 3 6 7 7 3 3 3 3 3 3 6 7 7 
2 2 47 6 47 
2 1 47 3 47 
3 2 47 4 47 10 47 
2 3 47 5 47 
3 4 47 6 47 7 50 
2 1 47 5 47 
3 5 50 8 117 9 117 
1 7 117 
1 7 117 
3 3 47 11 47 15 47 
2 10 47 12 47 
2 11 47 13 47 
3 12 47 14 47 16 50 
2 13 47 15 47 
2 10 47 14 47 
3 13 50 17 117 18 117 
1 16 117 
1 16 117 
1
17
3 3 3 3 3 3 6 7 7 3 3 3 3 3 3 3 5 
2 2 47 6 47 
2 1 47 3 47 
3 2 47 4 47 12 47 
3 3 47 5 47 10 47 
2 4 47 6 47 
3 1 47 5 47 7 50 
3 6 50 8 117 9 117 
1 7 117 
1 7 117 
2 4 47 11 47 
3 10 47 12 47 16 47 
3 3 47 11 47 13 47 
2 12 47 14 47 
2 13 47 15 47 
3 14 47 16 47 17 49 
2 11 47 15 47 
1 15 49 
1
23
3 3 3 3 3 3 3 3 3 3 3 3 3 3 3 3 3 3 3 3 6 7 7 
2 2 47 6 47 
2 1 47 3 47 
2 2 47 4 47 
3 3 47 5 47 10 47 
3 4 47 6 47 7 47 
2 1 47 5 47 
2 5 47 8 47 
2 7 47 9 47 
3 8 47 10 47 18 47 
3 4 47 9 47 11 47 
2 10 47 12 47 
3 11 47 13 47 17 47 
2 12 47 14 47 
2 13 47 15 47 
2 14 47 16 47 
3 15 47 17 47 20 47 
3 12 47 16 47 18 47 
3 9 47 17 47 19 47 
2 18 47 20 47 
3 16 47 19 47 21 50 
3 20 50 22 117 23 117 
1 21 117 
1 21 117 
1
27
3 3 3 3 3 3 3 3 3 3 3 3 3 3 3 3 3 3 3 3 3 3 3 3 6 7 7 
2 2 47 18 47 
2 1 47 3 47 
3 2 47 4 47 20 47 
2 3 47 5 47 
2 4 47 6 47 
3 5 47 7 47 21 47 
2 6 47 8 47 
2 7 47 9 47 
3 8 47 10 47 22 47 
3 9 47 11 47 25 50 
2 10 47 12 47 
3 11 47 13 47 23 47 
2 12 47 14 47 
2 13 47 15 47 
3 14 47 16 47 24 47 
2 15 47 17 47 
2 16 47 18 47 
3 1 47 17 47 19 47 
3 18 47 20 47 24 47 
3 3 47 19 47 21 47 
3 6 47 20 47 22 47 
3 9 47 21 47 23 47 
3 12 47 22 47 24 47 
3 15 47 19 47 23 47 
3 10 50 26 117 27 117 
1 25 117 
1 25 117 
1
17
3 3 3 3 3 3 6 7 7 3 3 3 3 3 3 3 7 
2 2 47 6 47 
2 1 47 3 47 
3 2 47 4 47 12 47 
3 3 47 5 47 10 47 
2 4 47 6 47 
3 1 47 5 47 7 50 
3 6 50 8 117 9 117 
1 7 117 
1 7 117 
2 4 47 11 47 
3 10 47 12 47 16 47 
3 3 47 11 47 13 47 
2 12 47 14 47 
2 13 47 15 47 
3 14 47 16 47 17 51 
2 11 47 15 47 
1 15 51 
1
13
3 3 3 3 3 3 6 7 7 6 7 7 2 
2 2 47 6 47 
2 1 47 3 47 
3 2 47 4 47 13 46 
3 3 47 5 47 10 50 
2 4 47 6 47 
3 1 47 5 47 7 50 
3 6 50 8 117 9 117 
1 7 117 
1 7 117 
3 4 50 11 117 12 117 
1 10 117 
1 10 117 
1 3 46 
1
23
3 3 3 3 3 3 3 3 3 3 3 3 3 3 3 3 3 3 3 3 6 7 7 
2 2 47 6 47 
2 1 47 3 47 
2 2 47 4 47 
3 3 47 5 47 18 47 
3 4 47 6 47 7 47 
2 1 47 5 47 
2 5 47 8 47 
3 7 47 9 47 17 47 
2 8 47 10 47 
2 9 47 11 47 
3 10 47 12 47 16 47 
2 11 47 13 47 
2 12 47 14 47 
3 13 47 15 47 21 50 
3 14 47 16 47 20 47 
3 11 47 15 47 17 47 
3 8 47 16 47 18 47 
3 4 47 17 47 19 47 
2 18 47 20 47 
2 15 47 19 47 
3 14 50 22 117 23 117 
1 21 117 
1 21 117 
1
17
3 3 3 3 3 3 6 7 7 3 3 3 3 3 3 3 4 
2 2 47 6 47 
2 1 47 3 47 
3 2 47 4 47 12 47 
3 3 47 5 47 10 47 
2 4 47 6 47 
3 1 47 5 47 7 50 
3 6 50 8 117 9 117 
1 7 117 
1 7 117 
2 4 47 11 47 
3 10 47 12 47 16 47 
3 3 47 11 47 13 47 
2 12 47 14 47 
2 13 47 15 47 
3 14 47 16 47 17 48 
2 11 47 15 47 
1 15 48 
1
23
3 3 3 3 3 3 6 7 7 3 7 3 3 3 3 3 3 6 7 7 6 7 7 
2 2 47 6 47 
2 1 47 3 47 
3 2 47 4 47 13 47 
3 3 47 5 47 10 47 
2 4 47 6 47 
3 1 47 5 47 7 50 
3 6 50 8 117 9 117 
1 7 117 
1 7 117 
3 4 47 11 51 12 47 
1 10 51 
3 10 47 13 47 17 47 
3 3 47 12 47 14 47 
3 13 47 15 47 21 50 
2 14 47 16 47 
3 15 47 17 47 18 50 
2 12 47 16 47 
3 16 50 19 117 20 117 
1 18 117 
1 18 117 
3 14 50 22 117 23 117 
1 21 117 
1 21 117 
1
23
3 3 3 3 3 3 3 3 3 3 3 3 3 3 3 3 3 3 3 3 6 7 7 
2 2 47 18 47 
2 1 47 3 47 
2 2 47 4 47 
3 3 47 5 47 17 47 
2 4 47 6 47 
3 5 47 7 47 15 47 
3 6 47 8 47 12 47 
2 7 47 9 47 
2 8 47 10 47 
2 9 47 11 47 
3 10 47 12 47 20 47 
3 7 47 11 47 13 47 
3 12 47 14 47 19 47 
2 13 47 15 47 
3 6 47 14 47 16 47 
2 15 47 17 47 
3 4 47 16 47 18 47 
2 1 47 17 47 
2 13 47 20 47 
3 11 47 19 47 21 50 
3 20 50 22 117 23 117 
1 21 117 
1 21 117 
1
22
3 3 3 3 3 3 3 3 3 3 3 3 3 3 3 3 6 7 7 6 7 7 
2 2 47 6 47 
2 1 47 3 47 
2 2 47 4 47 
3 3 47 5 47 13 47 
3 4 47 6 47 7 47 
2 1 47 5 47 
3 5 47 8 47 12 47 
2 7 47 9 47 
2 8 47 10 47 
2 9 47 11 47 
3 10 47 12 47 16 47 
3 7 47 11 47 13 47 
3 4 47 12 47 14 47 
3 13 47 15 47 20 50 
3 14 47 16 47 17 50 
2 11 47 15 47 
3 15 50 18 117 19 117 
1 17 117 
1 17 117 
3 14 50 21 117 22 117 
1 20 117 
1 20 117 
1
24
3 3 3 3 3 3 3 3 3 3 3 3 6 7 7 6 7 7 6 7 7 6 7 7 
2 2 47 6 47 
2 1 47 3 47 
3 2 47 4 47 22 50 
3 3 47 5 47 19 50 
2 4 47 6 47 
3 1 47 5 47 7 47 
3 6 47 8 47 12 47 
2 7 47 9 47 
2 8 47 10 47 
3 9 47 11 47 16 50 
2 10 47 12 47 
3 7 47 11 47 13 50 
3 12 50 14 117 15 117 
1 13 117 
1 13 117 
3 10 50 17 117 18 117 
1 16 117 
1 16 117 
3 4 50 20 117 21 117 
1 19 117 
1 19 117 
3 3 50 23 117 24 117 
1 22 117 
1 22 117 
1
23
3 3 3 3 3 3 6 3 7 3 4 4 4 3 3 3 3 3 3 3 6 7 7 
2 2 47 6 47 
2 1 47 3 47 
3 2 47 4 47 16 47 
3 3 47 5 47 14 47 
2 4 47 6 47 
3 1 47 5 47 7 50 
2 6 50 8 113 
3 7 113 9 51 10 47 
1 8 51 
4 8 47 11 48 12 48 13 48 
1 10 48 
1 10 48 
1 10 48 
2 4 47 15 47 
3 14 47 16 47 20 47 
3 3 47 15 47 17 47 
2 16 47 18 47 
2 17 47 19 47 
3 18 47 20 47 21 50 
2 15 47 19 47 
3 19 50 22 117 23 117 
1 21 117 
1 21 117 
1
17
3 3 3 3 3 3 6 3 3 3 3 3 3 3 6 7 7 
2 2 47 6 47 
2 1 47 3 47 
3 2 47 4 47 10 47 
3 3 47 5 47 8 47 
2 4 47 6 47 
3 1 47 5 47 7 50 
1 6 50 
2 4 47 9 47 
3 8 47 10 47 14 47 
3 3 47 9 47 11 47 
2 10 47 12 47 
2 11 47 13 47 
3 12 47 14 47 15 50 
2 9 47 13 47 
3 13 50 16 117 17 117 
1 15 117 
1 15 117 
1
17
3 3 3 3 3 3 3 3 3 3 3 3 3 3 6 7 7 
2 2 47 6 47 
2 1 47 3 47 
2 2 47 4 47 
3 3 47 5 47 7 47 
2 4 47 6 47 
2 1 47 5 47 
2 4 47 8 47 
2 7 47 9 47 
3 8 47 10 47 14 47 
2 9 47 11 47 
2 10 47 12 47 
3 11 47 13 47 15 50 
2 12 47 14 47 
2 9 47 13 47 
3 12 50 16 117 17 117 
1 15 117 
1 15 117 
1
17
3 3 3 3 3 3 6 7 7 3 3 3 3 3 3 3 1 
2 2 47 6 47 
2 1 47 3 47 
3 2 47 4 47 12 47 
3 3 47 5 47 10 47 
2 4 47 6 47 
3 1 47 5 47 7 50 
3 6 50 8 117 9 117 
1 7 117 
1 7 117 
2 4 47 11 47 
3 10 47 12 47 16 47 
3 3 47 11 47 13 47 
2 12 47 14 47 
2 13 47 15 47 
3 14 47 16 47 17 45 
2 11 47 15 47 
1 15 45 
1
19
3 3 3 3 3 3 3 3 3 3 3 3 3 3 3 3 6 7 7 
2 2 47 6 47 
2 1 47 3 47 
2 2 47 4 47 
3 3 47 5 47 13 47 
3 4 47 6 47 7 47 
2 1 47 5 47 
3 5 47 8 47 12 47 
2 7 47 9 47 
2 8 47 10 47 
2 9 47 11 47 
3 10 47 12 47 16 47 
3 7 47 11 47 13 47 
3 4 47 12 47 14 47 
2 13 47 15 47 
3 14 47 16 47 17 50 
2 11 47 15 47 
3 15 50 18 117 19 117 
1 17 117 
1 17 117 
1
17
3 3 3 3 3 3 3 3 3 3 3 3 3 3 6 7 7 
2 2 47 6 47 
2 1 47 3 47 
2 2 47 4 47 
3 3 47 5 47 10 47 
3 4 47 6 47 7 47 
2 1 47 5 47 
2 5 47 8 47 
2 7 47 9 47 
3 8 47 10 47 14 47 
3 4 47 9 47 11 47 
2 10 47 12 47 
2 11 47 13 47 
3 12 47 14 47 15 50 
2 9 47 13 47 
3 13 50 16 117 17 117 
1 15 117 
1 15 117 
1
12
3 3 3 3 3 3 6 7 7 6 7 7 
2 2 47 6 47 
2 1 47 3 47 
3 2 47 4 47 10 50 
2 3 47 5 47 
2 4 47 6 47 
3 1 47 5 47 7 50 
3 6 50 8 117 9 117 
1 7 117 
1 7 117 
3 3 50 11 117 12 117 
1 10 117 
1 10 117 
1
23
3 3 3 3 3 3 3 3 3 3 3 3 3 3 3 3 6 7 7 3 3 3 3 
2 2 47 10 47 
2 1 47 3 47 
3 2 47 4 47 8 47 
2 3 47 5 47 
3 4 47 6 47 23 47 
3 5 47 7 47 20 47 
3 6 47 8 47 16 47 
3 3 47 7 47 9 47 
3 8 47 10 47 14 47 
3 1 47 9 47 11 47 
2 10 47 12 47 
2 11 47 13 47 
3 12 47 14 47 17 50 
3 9 47 13 47 15 47 
2 14 47 16 47 
2 7 47 15 47 
3 13 50 18 117 19 117 
1 17 117 
1 17 117 
2 6 47 21 47 
2 20 47 22 47 
2 21 47 23 47 
2 5 47 22 47 
1
22
3 3 3 3 3 3 3 3 3 3 3 3 3 3 6 7 7 3 3 6 7 7 
2 2 47 6 47 
3 1 47 3 47 20 50 
2 2 47 4 47 
3 3 47 5 47 19 47 
3 4 47 6 47 10 47 
3 1 47 5 47 7 47 
2 6 47 8 47 
2 7 47 9 47 
3 8 47 10 47 14 47 
3 5 47 9 47 11 47 
3 10 47 12 47 18 47 
2 11 47 13 47 
3 12 47 14 47 15 50 
2 9 47 13 47 
3 13 50 16 117 17 117 
1 15 117 
1 15 117 
2 11 47 19 47 
2 4 47 18 47 
3 2 50 21 117 22 117 
1 20 117 
1 20 117 
1
17
3 3 3 3 3 3 3 3 3 3 3 3 3 3 6 7 7 
2 2 47 14 47 
2 1 47 3 47 
2 2 47 4 47 
3 3 47 5 47 13 47 
2 4 47 6 47 
3 5 47 7 47 11 47 
2 6 47 8 47 
3 7 47 9 47 15 50 
2 8 47 10 47 
2 9 47 11 47 
3 6 47 10 47 12 47 
2 11 47 13 47 
3 4 47 12 47 14 47 
2 1 47 13 47 
3 8 50 16 117 17 117 
1 15 117 
1 15 117 
1
20
3 3 3 3 3 3 6 7 7 6 3 3 3 3 3 3 6 6 7 7 
2 2 47 6 47 
2 1 47 3 47 
3 2 47 4 47 17 50 
3 3 47 5 47 10 50 
2 4 47 6 47 
3 1 47 5 47 7 50 
3 6 50 8 117 9 117 
1 7 117 
1 7 117 
2 4 50 11 113 
3 10 113 12 47 16 47 
2 11 47 13 47 
3 12 47 14 47 18 50 
2 13 47 15 47 
2 14 47 16 47 
3 11 47 15 47 17 50 
2 3 50 16 50 
3 13 50 19 117 20 117 
1 18 117 
1 18 117 
1
19
3 3 3 3 3 3 3 3 3 3 3 3 3 3 3 3 6 7 7 
2 2 47 6 47 
2 1 47 3 47 
2 2 47 4 47 
3 3 47 5 47 13 47 
3 4 47 6 47 7 47 
2 1 47 5 47 
3 5 47 8 47 12 47 
2 7 47 9 47 
2 8 47 10 47 
2 9 47 11 47 
3 10 47 12 47 16 47 
3 7 47 11 47 13 47 
3 4 47 12 47 14 47 
3 13 47 15 47 17 50 
2 14 47 16 47 
2 11 47 15 47 
3 14 50 18 117 19 117 
1 17 117 
1 17 117 
1
16
3 3 3 3 3 3 3 3 6 7 7 3 3 6 7 7 
2 2 47 13 47 
2 1 47 3 47 
3 2 47 4 47 8 47 
3 3 47 5 47 12 47 
2 4 47 6 47 
2 5 47 7 47 
2 6 47 8 47 
3 3 47 7 47 9 50 
3 8 50 10 117 11 117 
1 9 117 
1 9 117 
3 4 47 13 47 14 50 
2 1 47 12 47 
3 12 50 15 117 16 117 
1 14 117 
1 14 117 
1
26
3 3 3 3 3 3 3 3 3 3 3 3 3 3 3 3 3 3 3 3 6 7 7 6 7 7 
2 2 47 10 47 
2 1 47 3 47 
3 2 47 4 47 8 47 
3 3 47 5 47 24 50 
2 4 47 6 47 
2 5 47 7 47 
3 6 47 8 47 16 47 
3 3 47 7 47 9 47 
3 8 47 10 47 14 47 
3 1 47 9 47 11 47 
2 10 47 12 47 
2 11 47 13 47 
3 12 47 14 47 21 50 
3 9 47 13 47 15 47 
3 14 47 16 47 20 47 
3 7 47 15 47 17 47 
2 16 47 18 47 
2 17 47 19 47 
2 18 47 20 47 
2 15 47 19 47 
3 13 50 22 117 23 117 
1 21 117 
1 21 117 
3 4 50 25 117 26 117 
1 24 117 
1 24 117 
1
26
3 3 3 3 3 3 3 3 3 3 3 3 3 3 3 3 3 3 3 3 6 7 7 6 7 7 
2 2 47 14 47 
2 1 47 3 47 
3 2 47 4 47 12 47 
2 3 47 5 47 
2 4 47 6 47 
3 5 47 7 47 11 47 
3 6 47 8 47 24 50 
2 7 47 9 47 
3 8 47 10 47 21 50 
3 9 47 11 47 16 47 
3 6 47 10 47 12 47 
3 3 47 11 47 13 47 
3 12 47 14 47 15 47 
2 1 47 13 47 
3 13 47 16 47 20 47 
3 10 47 15 47 17 47 
2 16 47 18 47 
2 17 47 19 47 
2 18 47 20 47 
2 15 47 19 47 
3 9 50 22 117 23 117 
1 21 117 
1 21 117 
3 7 50 25 117 26 117 
1 24 117 
1 24 117 
1
19
3 3 3 3 3 3 6 7 7 3 3 3 3 3 3 3 6 7 7 
2 2 47 6 47 
2 1 47 3 47 
3 2 47 4 47 12 47 
3 3 47 5 47 10 47 
2 4 47 6 47 
3 1 47 5 47 7 50 
3 6 50 8 117 9 117 
1 7 117 
1 7 117 
2 4 47 11 47 
3 10 47 12 47 16 47 
3 3 47 11 47 13 47 
2 12 47 14 47 
2 13 47 15 47 
3 14 47 16 47 17 50 
2 11 47 15 47 
3 15 50 18 117 19 117 
1 17 117 
1 17 117 
1
19
3 3 3 3 3 3 6 7 7 7 3 3 3 3 3 3 7 2 2 
2 2 47 6 47 
2 1 47 3 47 
3 2 47 4 47 17 51 
3 3 47 5 47 10 51 
2 4 47 6 47 
3 1 47 5 47 7 50 
3 6 50 8 117 9 117 
1 7 117 
1 7 117 
2 4 51 11 135 
3 10 135 12 47 16 47 
2 11 47 13 47 
3 12 47 14 47 19 46 
3 13 47 15 47 18 46 
2 14 47 16 47 
3 11 47 15 47 17 51 
2 3 51 16 51 
1 14 46 
1 13 46 
1
17
3 3 3 3 3 3 6 3 3 3 3 3 3 6 6 7 7 
2 2 47 6 47 
2 1 47 3 47 
2 2 47 4 47 
3 3 47 5 47 14 50 
3 4 47 6 47 7 50 
2 1 47 5 47 
2 5 50 8 113 
3 7 113 9 47 13 47 
2 8 47 10 47 
2 9 47 11 47 
3 10 47 12 47 15 50 
2 11 47 13 47 
3 8 47 12 47 14 50 
2 4 50 13 50 
3 11 50 16 117 17 117 
1 15 117 
1 15 117 
1
21
3 3 3 3 3 3 3 3 3 3 3 3 6 7 7 6 7 7 6 7 7 
2 2 47 6 47 
2 1 47 3 47 
3 2 47 4 47 19 50 
2 3 47 5 47 
2 4 47 6 47 
3 1 47 5 47 7 47 
3 6 47 8 47 12 47 
2 7 47 9 47 
2 8 47 10 47 
3 9 47 11 47 16 50 
2 10 47 12 47 
3 7 47 11 47 13 50 
3 12 50 14 117 15 117 
1 13 117 
1 13 117 
3 10 50 17 117 18 117 
1 16 117 
1 16 117 
3 3 50 20 117 21 117 
1 19 117 
1 19 117 
1
25
3 3 3 3 3 3 3 3 3 3 3 3 3 6 7 7 3 3 3 3 3 3 3 7 7 
2 2 47 10 47 
2 1 47 3 47 
3 2 47 4 47 19 47 
3 3 47 5 47 9 47 
3 4 47 6 47 17 47 
2 5 47 7 47 
2 6 47 8 47 
3 7 47 9 47 13 47 
3 4 47 8 47 10 47 
3 1 47 9 47 11 47 
2 10 47 12 47 
2 11 47 13 47 
3 8 47 12 47 14 50 
3 13 50 15 117 16 117 
1 14 117 
1 14 117 
2 5 47 18 47 
3 17 47 19 47 23 47 
3 3 47 18 47 20 47 
3 19 47 21 47 25 51 
3 20 47 22 47 24 51 
2 21 47 23 47 
2 18 47 22 47 
1 21 51 
1 20 51 
1
23
3 3 3 3 3 3 3 3 3 3 3 3 3 3 3 3 3 3 3 3 6 7 7 
2 2 47 6 47 
2 1 47 3 47 
2 2 47 4 47 
3 3 47 5 47 10 47 
3 4 47 6 47 7 47 
2 1 47 5 47 
2 5 47 8 47 
2 7 47 9 47 
3 8 47 10 47 14 47 
3 4 47 9 47 11 47 
3 10 47 12 47 20 47 
3 11 47 13 47 18 47 
3 12 47 14 47 15 47 
2 9 47 13 47 
2 13 47 16 47 
2 15 47 17 47 
2 16 47 18 47 
3 12 47 17 47 19 47 
3 18 47 20 47 21 50 
2 11 47 19 47 
3 19 50 22 117 23 117 
1 21 117 
1 21 117 
1
19
3 3 3 3 3 3 3 3 3 3 6 7 7 6 7 7 6 7 7 
2 2 47 10 47 
2 1 47 3 47 
3 2 47 4 47 8 47 
2 3 47 5 47 
3 4 47 6 47 17 50 
2 5 47 7 47 
3 6 47 8 47 14 50 
3 3 47 7 47 9 47 
3 8 47 10 47 11 50 
2 1 47 9 47 
3 9 50 12 117 13 117 
1 11 117 
1 11 117 
3 7 50 15 117 16 117 
1 14 117 
1 14 117 
3 5 50 18 117 19 117 
1 17 117 
1 17 117 
1
17
3 3 3 3 3 3 6 7 7 3 3 3 3 3 3 3 2 
2 2 47 6 47 
2 1 47 3 47 
3 2 47 4 47 12 47 
3 3 47 5 47 10 47 
2 4 47 6 47 
3 1 47 5 47 7 50 
3 6 50 8 117 9 117 
1 7 117 
1 7 117 
2 4 47 11 47 
3 10 47 12 47 16 47 
3 3 47 11 47 13 47 
2 12 47 14 47 
2 13 47 15 47 
3 14 47 16 47 17 46 
2 11 47 15 47 
1 15 46 
1
23
3 3 3 7 3 3 3 3 7 6 6 3 3 3 3 3 7 6 7 7 6 7 7 
2 2 47 5 47 
2 1 47 3 47 
3 2 47 4 51 21 50 
2 3 51 5 135 
3 1 47 4 135 6 47 
2 5 47 7 47 
2 6 47 8 47 
3 7 47 9 51 10 50 
1 8 51 
2 8 50 11 116 
2 10 116 12 113 
2 11 113 13 47 
3 12 47 14 47 17 51 
2 13 47 15 47 
2 14 47 16 47 
3 15 47 17 51 18 50 
2 13 51 16 51 
3 16 50 19 117 20 117 
1 18 117 
1 18 117 
3 3 50 22 117 23 117 
1 21 117 
1 21 117 
1
20
3 3 3 3 3 3 6 7 7 3 7 3 3 3 3 3 3 6 7 7 
2 2 47 6 47 
2 1 47 3 47 
3 2 47 4 47 13 47 
3 3 47 5 47 10 47 
2 4 47 6 47 
3 1 47 5 47 7 50 
3 6 50 8 117 9 117 
1 7 117 
1 7 117 
3 4 47 11 51 12 47 
1 10 51 
3 10 47 13 47 17 47 
3 3 47 12 47 14 47 
2 13 47 15 47 
2 14 47 16 47 
3 15 47 17 47 18 50 
2 12 47 16 47 
3 16 50 19 117 20 117 
1 18 117 
1 18 117 
1
20
3 3 3 3 3 3 3 3 3 3 3 3 3 3 3 3 7 6 7 7 
2 2 47 6 47 
2 1 47 3 47 
2 2 47 4 47 
3 3 47 5 47 13 47 
3 4 47 6 47 7 47 
2 1 47 5 47 
3 5 47 8 47 12 47 
2 7 47 9 47 
2 8 47 10 47 
2 9 47 11 47 
3 10 47 12 47 16 47 
3 7 47 11 47 13 47 
3 4 47 12 47 14 47 
3 13 47 15 47 18 50 
3 14 47 16 47 17 51 
2 11 47 15 47 
1 15 51 
3 14 50 19 117 20 117 
1 18 117 
1 18 117 
1
23
3 3 3 3 3 3 3 3 3 3 3 3 3 3 3 3 3 3 3 3 6 7 7 
2 2 47 6 47 
2 1 47 3 47 
2 2 47 4 47 
3 3 47 5 47 18 47 
3 4 47 6 47 7 47 
2 1 47 5 47 
2 5 47 8 47 
3 7 47 9 47 17 47 
2 8 47 10 47 
2 9 47 11 47 
3 10 47 12 47 16 47 
3 11 47 13 47 21 50 
2 12 47 14 47 
2 13 47 15 47 
3 14 47 16 47 20 47 
3 11 47 15 47 17 47 
3 8 47 16 47 18 47 
3 4 47 17 47 19 47 
2 18 47 20 47 
2 15 47 19 47 
3 12 50 22 117 23 117 
1 21 117 
1 21 117 
1
19
3 3 3 3 3 3 6 7 7 3 3 3 3 3 3 3 6 7 7 
2 2 47 6 47 
2 1 47 3 47 
3 2 47 4 47 16 47 
3 3 47 5 47 10 47 
3 4 47 6 47 7 50 
2 1 47 5 47 
3 5 50 8 117 9 117 
1 7 117 
1 7 117 
3 4 47 11 47 15 47 
2 10 47 12 47 
2 11 47 13 47 
3 12 47 14 47 17 50 
2 13 47 15 47 
3 10 47 14 47 16 47 
2 3 47 15 47 
3 13 50 18 117 19 117 
1 17 117 
1 17 117 
1
28
3 3 3 3 3 3 3 3 3 3 3 3 3 3 3 3 6 7 7 6 7 7 6 7 7 6 7 7 
2 2 47 10 47 
2 1 47 3 47 
3 2 47 4 47 8 47 
3 3 47 5 47 26 50 
2 4 47 6 47 
3 5 47 7 47 23 50 
3 6 47 8 47 16 47 
3 3 47 7 47 9 47 
3 8 47 10 47 14 47 
3 1 47 9 47 11 47 
3 10 47 12 47 20 50 
2 11 47 13 47 
3 12 47 14 47 17 50 
3 9 47 13 47 15 47 
2 14 47 16 47 
2 7 47 15 47 
3 13 50 18 117 19 117 
1 17 117 
1 17 117 
3 11 50 21 117 22 117 
1 20 117 
1 20 117 
3 6 50 24 117 25 117 
1 23 117 
1 23 117 
3 4 50 27 117 28 117 
1 26 117 
1 26 117 
1
26
3 3 3 3 3 3 3 3 3 3 3 3 3 3 3 3 3 3 3 3 6 7 7 6 7 7 
2 2 47 10 47 
2 1 47 3 47 
3 2 47 4 47 8 47 
2 3 47 5 47 
2 4 47 6 47 
3 5 47 7 47 24 50 
3 6 47 8 47 16 47 
3 3 47 7 47 9 47 
3 8 47 10 47 14 47 
3 1 47 9 47 11 47 
2 10 47 12 47 
2 11 47 13 47 
3 12 47 14 47 21 50 
3 9 47 13 47 15 47 
3 14 47 16 47 20 47 
3 7 47 15 47 17 47 
2 16 47 18 47 
2 17 47 19 47 
2 18 47 20 47 
2 15 47 19 47 
3 13 50 22 117 23 117 
1 21 117 
1 21 117 
3 6 50 25 117 26 117 
1 24 117 
1 24 117 
1
16
3 3 3 3 3 3 3 3 3 3 3 3 3 6 7 7 
2 2 47 6 47 
2 1 47 3 47 
2 2 47 4 47 
3 3 47 5 47 9 47 
3 4 47 6 47 7 47 
2 1 47 5 47 
2 5 47 8 47 
3 7 47 9 47 13 47 
3 4 47 8 47 10 47 
2 9 47 11 47 
2 10 47 12 47 
3 11 47 13 47 14 50 
2 8 47 12 47 
3 12 50 15 117 16 117 
1 14 117 
1 14 117 
1
23
3 3 3 3 3 3 3 3 3 3 3 3 3 3 3 3 3 3 3 3 6 7 7 
2 2 47 10 47 
2 1 47 3 47 
3 2 47 4 47 8 47 
2 3 47 5 47 
2 4 47 6 47 
2 5 47 7 47 
3 6 47 8 47 12 47 
3 3 47 7 47 9 47 
3 8 47 10 47 11 47 
2 1 47 9 47 
3 9 47 12 47 20 47 
3 7 47 11 47 13 47 
2 12 47 14 47 
3 13 47 15 47 19 47 
2 14 47 16 47 
3 15 47 17 47 21 50 
2 16 47 18 47 
2 17 47 19 47 
3 14 47 18 47 20 47 
2 11 47 19 47 
3 16 50 22 117 23 117 
1 21 117 
1 21 117 
1
18
3 3 3 3 3 3 3 3 3 3 3 3 6 7 7 6 7 7 
2 2 47 6 47 
2 1 47 3 47 
3 2 47 4 47 16 50 
2 3 47 5 47 
2 4 47 6 47 
3 1 47 5 47 7 47 
3 6 47 8 47 12 47 
2 7 47 9 47 
2 8 47 10 47 
3 9 47 11 47 13 50 
2 10 47 12 47 
2 7 47 11 47 
3 10 50 14 117 15 117 
1 13 117 
1 13 117 
3 3 50 17 117 18 117 
1 16 117 
1 16 117 
1
17
3 3 3 3 3 3 7 3 3 3 3 3 3 7 6 7 7 
2 2 47 6 47 
2 1 47 3 47 
2 2 47 4 47 
3 3 47 5 47 14 51 
3 4 47 6 47 7 51 
2 1 47 5 47 
2 5 51 8 135 
3 7 135 9 47 13 47 
2 8 47 10 47 
2 9 47 11 47 
3 10 47 12 47 15 50 
2 11 47 13 47 
3 8 47 12 47 14 51 
2 4 51 13 51 
3 11 50 16 117 17 117 
1 15 117 
1 15 117 
1
19
3 3 3 3 3 3 3 3 3 3 3 3 3 3 3 3 6 7 7 
2 2 47 10 47 
2 1 47 3 47 
3 2 47 4 47 8 47 
2 3 47 5 47 
2 4 47 6 47 
2 5 47 7 47 
3 6 47 8 47 12 47 
3 3 47 7 47 9 47 
3 8 47 10 47 11 47 
2 1 47 9 47 
3 9 47 12 47 16 47 
3 7 47 11 47 13 47 
3 12 47 14 47 17 50 
2 13 47 15 47 
2 14 47 16 47 
2 11 47 15 47 
3 13 50 18 117 19 117 
1 17 117 
1 17 117 
1
12
3 3 3 3 3 3 6 7 7 6 7 7 
2 2 47 6 47 
2 1 47 3 47 
3 2 47 4 47 10 50 
2 3 47 5 47 
3 4 47 6 47 7 50 
2 1 47 5 47 
3 5 50 8 117 9 117 
1 7 117 
1 7 117 
3 3 50 11 117 12 117 
1 10 117 
1 10 117 
1
25
3 3 3 3 3 3 3 3 3 3 3 3 3 3 3 3 6 7 7 6 7 7 6 7 7 
2 2 47 6 47 
2 1 47 3 47 
2 2 47 4 47 
3 3 47 5 47 13 47 
3 4 47 6 47 7 47 
2 1 47 5 47 
3 5 47 8 47 12 47 
2 7 47 9 47 
2 8 47 10 47 
3 9 47 11 47 23 50 
3 10 47 12 47 16 47 
3 7 47 11 47 13 47 
3 4 47 12 47 14 47 
3 13 47 15 47 20 50 
3 14 47 16 47 17 50 
2 11 47 15 47 
3 15 50 18 117 19 117 
1 17 117 
1 17 117 
3 14 50 21 117 22 117 
1 20 117 
1 20 117 
3 10 50 24 117 25 117 
1 23 117 
1 23 117 
1
16
3 3 3 3 6 3 3 3 3 3 3 3 3 6 7 7 
2 2 47 13 47 
2 1 47 3 47 
2 2 47 4 47 
3 3 47 5 50 12 47 
2 4 50 6 113 
3 5 113 7 47 11 47 
2 6 47 8 47 
3 7 47 9 47 14 50 
2 8 47 10 47 
2 9 47 11 47 
3 6 47 10 47 12 47 
3 4 47 11 47 13 47 
2 1 47 12 47 
3 8 50 15 117 16 117 
1 14 117 
1 14 117 
1
23
3 3 3 3 3 3 3 3 3 3 3 3 3 3 3 3 3 3 3 3 6 7 7 
2 2 47 6 47 
2 1 47 3 47 
2 2 47 4 47 
3 3 47 5 47 18 47 
3 4 47 6 47 7 47 
2 1 47 5 47 
2 5 47 8 47 
3 7 47 9 47 17 47 
3 8 47 10 47 14 47 
2 9 47 11 47 
2 10 47 12 47 
2 11 47 13 47 
2 12 47 14 47 
3 9 47 13 47 15 47 
2 14 47 16 47 
3 15 47 17 47 20 47 
3 8 47 16 47 18 47 
3 4 47 17 47 19 47 
2 18 47 20 47 
3 16 47 19 47 21 50 
3 20 50 22 117 23 117 
1 21 117 
1 21 117 
1
23
3 3 3 3 3 3 3 3 3 3 3 3 3 3 3 3 3 3 3 3 6 7 7 
2 2 47 18 47 
2 1 47 3 47 
2 2 47 4 47 
3 3 47 5 47 17 47 
2 4 47 6 47 
3 5 47 7 47 15 47 
3 6 47 8 47 12 47 
2 7 47 9 47 
2 8 47 10 47 
2 9 47 11 47 
3 10 47 12 47 20 47 
3 7 47 11 47 13 47 
3 12 47 14 47 19 47 
2 13 47 15 47 
3 6 47 14 47 16 47 
2 15 47 17 47 
3 4 47 16 47 18 47 
2 1 47 17 47 
3 13 47 20 47 21 50 
2 11 47 19 47 
3 19 50 22 117 23 117 
1 21 117 
1 21 117 
1
16
3 3 3 3 3 3 3 3 3 3 3 3 7 6 7 7 
2 2 47 6 47 
2 1 47 3 47 
2 2 47 4 47 
3 3 47 5 47 13 51 
3 4 47 6 47 7 47 
2 1 47 5 47 
3 5 47 8 47 12 47 
2 7 47 9 47 
3 8 47 10 47 14 50 
2 9 47 11 47 
2 10 47 12 47 
3 7 47 11 47 13 51 
2 4 51 12 51 
3 9 50 15 117 16 117 
1 14 117 
1 14 117 
1
20
3 3 7 7 3 3 3 3 3 3 3 3 3 3 3 3 3 6 7 7 
1 2 47 
3 1 47 3 51 4 51 
1 2 51 
2 2 51 5 135 
3 4 135 6 47 10 47 
2 5 47 7 47 
2 6 47 8 47 
3 7 47 9 47 13 47 
3 8 47 10 47 11 47 
2 5 47 9 47 
2 9 47 12 47 
3 11 47 13 47 17 47 
3 8 47 12 47 14 47 
2 13 47 15 47 
2 14 47 16 47 
3 15 47 17 47 18 50 
2 12 47 16 47 
3 16 50 19 117 20 117 
1 18 117 
1 18 117 
1
23
3 3 3 3 3 3 3 3 3 3 3 3 3 3 3 3 3 3 3 3 6 7 7 
2 2 47 6 47 
2 1 47 3 47 
2 2 47 4 47 
3 3 47 5 47 14 47 
3 4 47 6 47 7 47 
2 1 47 5 47 
3 5 47 8 47 12 47 
2 7 47 9 47 
2 8 47 10 47 
2 9 47 11 47 
3 10 47 12 47 20 47 
3 7 47 11 47 13 47 
3 12 47 14 47 18 47 
3 4 47 13 47 15 47 
3 14 47 16 47 21 50 
2 15 47 17 47 
2 16 47 18 47 
3 13 47 17 47 19 47 
2 18 47 20 47 
2 11 47 19 47 
3 15 50 22 117 23 117 
1 21 117 
1 21 117 
1
25
3 3 3 3 3 3 3 3 3 3 3 3 3 3 3 3 6 7 7 3 3 3 3 7 7 
2 2 47 10 47 
2 1 47 3 47 
3 2 47 4 47 8 47 
3 3 47 5 47 23 47 
3 4 47 6 47 20 47 
2 5 47 7 47 
3 6 47 8 47 16 47 
3 3 47 7 47 9 47 
3 8 47 10 47 14 47 
3 1 47 9 47 11 47 
2 10 47 12 47 
2 11 47 13 47 
3 12 47 14 47 17 50 
3 9 47 13 47 15 47 
2 14 47 16 47 
2 7 47 15 47 
3 13 50 18 117 19 117 
1 17 117 
1 17 117 
3 5 47 21 47 25 51 
3 20 47 22 47 24 51 
2 21 47 23 47 
2 4 47 22 47 
1 21 51 
1 20 51 
1
19
3 3 3 3 3 3 3 3 3 3 3 3 3 3 6 7 7 3 3 
2 2 47 6 47 
2 1 47 3 47 
3 2 47 4 47 19 47 
3 3 47 5 47 10 47 
3 4 47 6 47 7 47 
2 1 47 5 47 
2 5 47 8 47 
2 7 47 9 47 
3 8 47 10 47 14 47 
3 4 47 9 47 11 47 
3 10 47 12 47 18 47 
2 11 47 13 47 
3 12 47 14 47 15 50 
2 9 47 13 47 
3 13 50 16 117 17 117 
1 15 117 
1 15 117 
2 11 47 19 47 
2 3 47 18 47 
1
23
3 3 3 3 3 3 3 3 3 3 3 3 3 3 3 3 3 3 3 3 6 7 7 
2 2 47 6 47 
2 1 47 3 47 
2 2 47 4 47 
3 3 47 5 47 14 47 
3 4 47 6 47 7 47 
2 1 47 5 47 
3 5 47 8 47 12 47 
2 7 47 9 47 
2 8 47 10 47 
2 9 47 11 47 
3 10 47 12 47 20 47 
3 7 47 11 47 13 47 
3 12 47 14 47 18 47 
3 4 47 13 47 15 47 
2 14 47 16 47 
2 15 47 17 47 
3 16 47 18 47 21 50 
3 13 47 17 47 19 47 
2 18 47 20 47 
2 11 47 19 47 
3 17 50 22 117 23 117 
1 21 117 
1 21 117 
1
19
3 3 3 3 3 3 3 3 3 3 3 3 3 3 3 3 6 7 7 
2 2 47 14 47 
2 1 47 3 47 
3 2 47 4 47 12 47 
2 3 47 5 47 
2 4 47 6 47 
3 5 47 7 47 11 47 
2 6 47 8 47 
2 7 47 9 47 
2 8 47 10 47 
3 9 47 11 47 16 47 
3 6 47 10 47 12 47 
3 3 47 11 47 13 47 
3 12 47 14 47 15 47 
2 1 47 13 47 
2 13 47 16 47 
3 10 47 15 47 17 50 
3 16 50 18 117 19 117 
1 17 117 
1 17 117 
1
19
3 3 3 3 3 3 3 3 3 3 6 7 7 6 7 7 6 7 7 
2 2 47 10 47 
2 1 47 3 47 
3 2 47 4 47 8 47 
2 3 47 5 47 
3 4 47 6 47 17 50 
3 5 47 7 47 14 50 
2 6 47 8 47 
3 3 47 7 47 9 47 
3 8 47 10 47 11 50 
2 1 47 9 47 
3 9 50 12 117 13 117 
1 11 117 
1 11 117 
3 6 50 15 117 16 117 
1 14 117 
1 14 117 
3 5 50 18 117 19 117 
1 17 117 
1 17 117 
1
25
3 3 3 3 3 3 3 3 3 3 3 3 3 3 3 3 6 7 7 6 7 7 6 7 7 
2 2 47 10 47 
2 1 47 3 47 
3 2 47 4 47 8 47 
3 3 47 5 47 23 50 
2 4 47 6 47 
3 5 47 7 47 20 50 
3 6 47 8 47 16 47 
3 3 47 7 47 9 47 
3 8 47 10 47 14 47 
3 1 47 9 47 11 47 
2 10 47 12 47 
2 11 47 13 47 
3 12 47 14 47 17 50 
3 9 47 13 47 15 47 
2 14 47 16 47 
2 7 47 15 47 
3 13 50 18 117 19 117 
1 17 117 
1 17 117 
3 6 50 21 117 22 117 
1 20 117 
1 20 117 
3 4 50 24 117 25 117 
1 23 117 
1 23 117 
1
18
3 7 3 3 3 3 3 3 3 3 3 3 3 3 3 6 7 7 
1 2 51 
2 1 51 3 135 
3 2 135 4 47 8 47 
2 3 47 5 47 
2 4 47 6 47 
3 5 47 7 47 11 47 
3 6 47 8 47 9 47 
2 3 47 7 47 
2 7 47 10 47 
3 9 47 11 47 15 47 
3 6 47 10 47 12 47 
2 11 47 13 47 
2 12 47 14 47 
3 13 47 15 47 16 50 
2 10 47 14 47 
3 14 50 17 117 18 117 
1 16 117 
1 16 117 
1
15
3 3 3 3 3 3 3 3 3 3 3 3 6 7 7 
2 2 47 10 47 
2 1 47 3 47 
3 2 47 4 47 8 47 
2 3 47 5 47 
2 4 47 6 47 
2 5 47 7 47 
3 6 47 8 47 12 47 
3 3 47 7 47 9 47 
3 8 47 10 47 11 47 
2 1 47 9 47 
2 9 47 12 47 
3 7 47 11 47 13 50 
3 12 50 14 117 15 117 
1 13 117 
1 13 117 
1
16
3 3 3 3 3 3 6 3 3 3 3 3 3 6 7 7 
2 2 47 6 47 
2 1 47 3 47 
3 2 47 4 47 8 47 
2 3 47 5 47 
3 4 47 6 47 7 50 
2 1 47 5 47 
1 5 50 
3 3 47 9 47 13 47 
2 8 47 10 47 
2 9 47 11 47 
2 10 47 12 47 
3 11 47 13 47 14 50 
2 8 47 12 47 
3 12 50 15 117 16 117 
1 14 117 
1 14 117 
-1
24
3 3 3 3 3 3 6 7 7 3 3 3 3 3 3 6 7 7 6 7 7 6 7 7 
2 2 47 6 47 
2 1 47 3 47 
3 2 47 4 47 22 50 
3 3 47 5 47 10 47 
3 4 47 6 47 7 50 
2 1 47 5 47 
3 5 50 8 117 9 117 
1 7 117 
1 7 117 
3 4 47 11 47 15 47 
2 10 47 12 47 
2 11 47 13 47 
3 12 47 14 47 19 50 
2 13 47 15 47 
3 10 47 14 47 16 50 
3 15 50 17 117 18 117 
1 16 117 
1 16 117 
3 13 50 20 117 21 117 
1 19 117 
1 19 117 
3 3 50 23 117 24 117 
1 22 117 
1 22 117 
-1
11
3 3 3 3 3 3 3 7 6 7 7 
2 2 47 6 47 
2 1 47 3 47 
3 2 47 4 47 9 50 
2 3 47 5 47 
2 4 47 6 47 
3 1 47 5 47 7 47 
2 6 47 8 51 
1 7 51 
3 3 50 10 117 11 117 
1 9 117 
1 9 117 
-1
13
3 3 3 3 3 3 6 7 7 6 7 7 6 
2 2 47 6 47 
2 1 47 3 47 
3 2 47 4 47 13 50 
3 3 47 5 47 10 50 
2 4 47 6 47 
3 1 47 5 47 7 50 
3 6 50 8 117 9 117 
1 7 117 
1 7 117 
3 4 50 11 117 12 117 
1 10 117 
1 10 117 
1 3 50 
-1
16
3 3 3 3 3 3 3 3 3 3 3 3 6 7 7 6 
2 2 47 6 47 
2 1 47 3 47 
2 2 47 4 47 
3 3 47 5 47 16 50 
3 4 47 6 47 7 47 
2 1 47 5 47 
3 5 47 8 47 12 47 
2 7 47 9 47 
2 8 47 10 47 
3 9 47 11 47 13 50 
2 10 47 12 47 
2 7 47 11 47 
3 10 50 14 117 15 117 
1 13 117 
1 13 117 
1 4 50 
-1
10
3 3 3 3 3 3 6 7 7 4 
2 2 47 6 47 
2 1 47 3 47 
3 2 47 4 47 10 48 
2 3 47 5 47 
2 4 47 6 47 
3 1 47 5 47 7 50 
3 6 50 8 117 9 117 
1 7 117 
1 7 117 
1 3 48 
-1
21
3 3 3 3 3 3 3 3 3 3 3 3 6 7 7 6 7 7 6 7 7 
2 2 47 6 47 
2 1 47 3 47 
2 2 47 4 47 
3 3 47 5 47 19 50 
3 4 47 6 47 7 47 
2 1 47 5 47 
3 5 47 8 47 12 47 
2 7 47 9 47 
2 8 47 10 47 
3 9 47 11 47 16 50 
2 10 47 12 47 
3 7 47 11 47 13 50 
3 12 50 14 117 15 117 
1 13 117 
1 13 117 
3 10 50 17 117 18 117 
1 16 117 
1 16 117 
3 4 50 20 117 21 117 
1 19 117 
1 19 117 
-1
13
3 6 3 3 3 3 3 3 3 6 6 7 7 
1 2 50 
3 1 50 3 113 10 116 
3 2 113 4 47 8 47 
2 3 47 5 47 
2 4 47 6 47 
3 5 47 7 47 11 50 
2 6 47 8 47 
3 3 47 7 47 9 47 
2 8 47 10 50 
2 2 116 9 50 
3 6 50 12 117 13 117 
1 11 117 
1 11 117 
-1
17
3 3 3 3 3 3 3 3 3 3 3 3 3 3 6 7 7 
1 2 47 
3 1 47 3 47 7 47 
2 2 47 4 47 
2 3 47 5 47 
2 4 47 6 47 
2 5 47 7 47 
3 2 47 6 47 8 47 
3 7 47 9 47 13 47 
2 8 47 10 47 
2 9 47 11 47 
3 10 47 12 47 15 50 
3 11 47 13 47 14 47 
2 8 47 12 47 
1 12 47 
3 11 50 16 117 17 117 
1 15 117 
1 15 117 
-1
11
3 3 3 3 3 3 4 4 6 7 7 
2 2 47 6 47 
2 1 47 3 47 
3 2 47 4 47 9 50 
3 3 47 5 47 8 48 
2 4 47 6 47 
3 1 47 5 47 7 48 
1 6 48 
1 4 48 
3 3 50 10 117 11 117 
1 9 117 
1 9 117 
-1
14
3 3 3 3 3 3 6 7 7 6 7 7 6 6 
2 2 47 6 47 
2 1 47 3 47 
3 2 47 4 47 13 50 
3 3 47 5 47 10 50 
2 4 47 6 47 
3 1 47 5 47 7 50 
3 6 50 8 117 9 117 
1 7 117 
1 7 117 
3 4 50 11 117 12 117 
1 10 117 
1 10 117 
2 3 50 14 116 
1 13 116 
-1
11
3 7 3 3 3 3 3 3 6 7 7 
1 2 51 
2 1 51 3 135 
3 2 135 4 47 8 47 
2 3 47 5 47 
2 4 47 6 47 
2 5 47 7 47 
2 6 47 8 47 
3 3 47 7 47 9 50 
3 8 50 10 117 11 117 
1 9 117 
1 9 117 
-1
19
3 3 3 3 3 3 3 3 3 7 3 3 3 3 3 3 6 7 7 
2 2 47 6 47 
2 1 47 3 47 
2 2 47 4 47 
3 3 47 5 47 7 47 
2 4 47 6 47 
2 1 47 5 47 
2 4 47 8 47 
2 7 47 9 47 
3 8 47 10 51 11 47 
1 9 51 
3 9 47 12 47 16 47 
2 11 47 13 47 
2 12 47 14 47 
3 13 47 15 47 17 50 
2 14 47 16 47 
2 11 47 15 47 
3 14 50 18 117 19 117 
1 17 117 
1 17 117 
-1
11
3 3 3 3 3 3 3 7 6 7 7 
2 2 47 6 47 
2 1 47 3 47 
2 2 47 4 47 
3 3 47 5 47 9 50 
3 4 47 6 47 7 47 
2 1 47 5 47 
2 5 47 8 51 
1 7 51 
3 4 50 10 117 11 117 
1 9 117 
1 9 117 
-1
21
3 3 3 3 3 3 2 2 7 3 3 3 3 3 3 2 6 7 7 2 7 
2 2 47 6 47 
3 1 47 3 47 21 51 
3 2 47 4 47 9 51 
2 3 47 5 47 
3 4 47 6 47 8 46 
3 1 47 5 47 7 46 
1 6 46 
1 5 46 
2 3 51 10 135 
3 9 135 11 47 15 47 
3 10 47 12 47 21 51 
2 11 47 13 47 
3 12 47 14 47 20 46 
3 13 47 15 47 17 50 
3 10 47 14 47 16 46 
1 15 46 
3 14 50 18 117 19 117 
1 17 117 
1 17 117 
1 13 46 
2 2 51 11 51 
-1
11
3 3 3 3 3 3 6 7 7 2 4 
2 2 47 6 47 
2 1 47 3 47 
3 2 47 4 47 11 48 
3 3 47 5 47 10 46 
2 4 47 6 47 
3 1 47 5 47 7 50 
3 6 50 8 117 9 117 
1 7 117 
1 7 117 
1 4 46 
1 3 48 
-1
13
3 6 6 3 3 3 3 3 3 3 6 7 7 
1 2 50 
3 1 50 3 116 10 113 
2 2 116 4 113 
3 3 113 5 47 9 47 
2 4 47 6 47 
3 5 47 7 47 11 50 
2 6 47 8 47 
2 7 47 9 47 
3 4 47 8 47 10 47 
2 2 113 9 47 
3 6 50 12 117 13 117 
1 11 117 
1 11 117 
-1
11
3 3 3 3 3 3 2 6 7 7 6 
2 2 47 6 47 
2 1 47 3 47 
3 2 47 4 47 11 50 
3 3 47 5 47 8 50 
2 4 47 6 47 
3 1 47 5 47 7 46 
1 6 46 
3 4 50 9 117 10 117 
1 8 117 
1 8 117 
1 3 50 
-1
11
3 3 3 3 3 3 2 2 6 7 7 
2 2 47 6 47 
2 1 47 3 47 
3 2 47 4 47 9 50 
3 3 47 5 47 8 46 
3 4 47 6 47 7 46 
2 1 47 5 47 
1 5 46 
1 4 46 
3 3 50 10 117 11 117 
1 9 117 
1 9 117 
-1
20
3 3 3 3 3 3 7 3 3 3 3 3 3 7 2 2 2 6 7 7 
2 2 47 6 47 
3 1 47 3 47 18 50 
3 2 47 4 47 17 46 
2 3 47 5 47 
3 4 47 6 47 14 51 
3 1 47 5 47 7 51 
2 6 51 8 135 
3 7 135 9 47 13 47 
2 8 47 10 47 
3 9 47 11 47 16 46 
3 10 47 12 47 15 46 
2 11 47 13 47 
3 8 47 12 47 14 51 
2 5 51 13 51 
1 11 46 
1 10 46 
1 3 46 
3 2 50 19 117 20 117 
1 18 117 
1 18 117 
-1
12
3 3 7 3 3 3 3 3 3 6 7 7 
1 2 47 
2 1 47 3 51 
2 2 51 4 135 
3 3 135 5 47 9 47 
2 4 47 6 47 
2 5 47 7 47 
2 6 47 8 47 
2 7 47 9 47 
3 4 47 8 47 10 50 
3 9 50 11 117 12 117 
1 10 117 
1 10 117 
-1
11
3 3 3 3 3 3 2 6 7 7 2 
2 2 47 6 47 
2 1 47 3 47 
3 2 47 4 47 11 46 
3 3 47 5 47 8 50 
2 4 47 6 47 
3 1 47 5 47 7 46 
1 6 46 
3 4 50 9 117 10 117 
1 8 117 
1 8 117 
1 3 46 
-1
13
3 3 6 3 3 3 3 3 3 6 6 7 7 
1 2 47 
3 1 47 3 50 10 50 
2 2 50 4 113 
3 3 113 5 47 9 47 
2 4 47 6 47 
3 5 47 7 47 11 50 
2 6 47 8 47 
2 7 47 9 47 
3 4 47 8 47 10 50 
2 2 50 9 50 
3 6 50 12 117 13 117 
1 11 117 
1 11 117 
-1
13
3 6 3 3 3 3 3 3 3 6 6 7 7 
1 2 50 
3 1 50 3 113 10 116 
3 2 113 4 47 8 47 
2 3 47 5 47 
3 4 47 6 47 11 50 
2 5 47 7 47 
2 6 47 8 47 
3 3 47 7 47 9 47 
2 8 47 10 50 
2 2 116 9 50 
3 5 50 12 117 13 117 
1 11 117 
1 11 117 
-1
12
3 3 6 3 3 6 3 3 7 6 7 7 
1 2 47 
3 1 47 3 50 6 50 
2 2 50 4 113 
2 3 113 5 47 
3 4 47 6 50 10 50 
3 2 50 5 50 7 113 
2 6 113 8 47 
2 7 47 9 51 
1 8 51 
3 5 50 11 117 12 117 
1 10 117 
1 10 117 
-1
12
3 3 3 3 6 3 6 6 7 7 3 3 
2 2 47 12 47 
2 1 47 3 47 
3 2 47 4 47 7 50 
3 3 47 5 50 11 47 
2 4 50 6 113 
3 5 113 7 50 8 50 
2 3 50 6 50 
3 6 50 9 117 10 117 
1 8 117 
1 8 117 
2 4 47 12 47 
2 1 47 11 47 
-1
14
3 7 3 3 3 3 3 3 6 7 7 6 7 7 
1 2 51 
2 1 51 3 135 
3 2 135 4 47 8 47 
2 3 47 5 47 
2 4 47 6 47 
3 5 47 7 47 12 50 
2 6 47 8 47 
3 3 47 7 47 9 50 
3 8 50 10 117 11 117 
1 9 117 
1 9 117 
3 6 50 13 117 14 117 
1 12 117 
1 12 117 
-1
12
3 3 3 3 3 3 6 7 7 6 3 3 
2 2 47 6 47 
2 1 47 3 47 
3 2 47 4 47 12 47 
3 3 47 5 47 10 50 
2 4 47 6 47 
3 1 47 5 47 7 50 
3 6 50 8 117 9 117 
1 7 117 
1 7 117 
2 4 50 11 113 
2 10 113 12 47 
2 3 47 11 47 
-1
14
3 3 3 3 3 3 6 7 7 6 1 6 7 7 
2 2 47 6 47 
3 1 47 3 47 12 50 
2 2 47 4 47 
3 3 47 5 47 11 45 
3 4 47 6 47 10 50 
3 1 47 5 47 7 50 
3 6 50 8 117 9 117 
1 7 117 
1 7 117 
1 5 50 
1 4 45 
3 2 50 13 117 14 117 
1 12 117 
1 12 117 
-1
11
3 7 3 3 3 3 3 3 6 7 7 
1 2 51 
2 1 51 3 135 
3 2 135 4 47 8 47 
2 3 47 5 47 
2 4 47 6 47 
3 5 47 7 47 9 50 
2 6 47 8 47 
2 3 47 7 47 
3 6 50 10 117 11 117 
1 9 117 
1 9 117 
-1
22
3 3 3 3 3 3 2 2 7 3 3 3 3 3 3 2 2 6 7 7 2 7 
2 2 47 6 47 
3 1 47 3 47 22 51 
3 2 47 4 47 9 51 
2 3 47 5 47 
3 4 47 6 47 8 46 
3 1 47 5 47 7 46 
1 6 46 
1 5 46 
2 3 51 10 135 
3 9 135 11 47 15 47 
3 10 47 12 47 22 51 
3 11 47 13 47 21 46 
3 12 47 14 47 18 50 
3 13 47 15 47 17 46 
3 10 47 14 47 16 46 
1 15 46 
1 14 46 
3 13 50 19 117 20 117 
1 18 117 
1 18 117 
1 12 46 
2 2 51 11 51 
-1
22
3 3 3 3 3 3 3 3 3 7 3 3 3 3 3 3 6 7 7 6 7 7 
2 2 47 6 47 
2 1 47 3 47 
3 2 47 4 47 20 50 
2 3 47 5 47 
2 4 47 6 47 
3 1 47 5 47 7 47 
2 6 47 8 47 
2 7 47 9 47 
3 8 47 10 51 11 47 
1 9 51 
3 9 47 12 47 16 47 
2 11 47 13 47 
2 12 47 14 47 
3 13 47 15 47 17 50 
2 14 47 16 47 
2 11 47 15 47 
3 14 50 18 117 19 117 
1 17 117 
1 17 117 
3 3 50 21 117 22 117 
1 20 117 
1 20 117 
-1
11
3 3 3 3 3 3 6 6 7 7 6 
2 2 47 6 47 
2 1 47 3 47 
3 2 47 4 47 11 50 
3 3 47 5 47 8 50 
3 4 47 6 47 7 50 
2 1 47 5 47 
1 5 50 
3 4 50 9 117 10 117 
1 8 117 
1 8 117 
1 3 50 
-1
11
3 3 3 3 3 3 6 6 7 7 6 
2 2 47 6 47 
2 1 47 3 47 
3 2 47 4 47 11 50 
3 3 47 5 47 8 50 
2 4 47 6 47 
3 1 47 5 47 7 50 
1 6 50 
3 4 50 9 117 10 117 
1 8 117 
1 8 117 
1 3 50 
-1
14
3 3 3 3 3 3 3 3 3 3 6 6 7 7 
1 2 47 
3 1 47 3 47 11 50 
2 2 47 4 47 
2 3 47 5 47 
3 4 47 6 47 10 47 
2 5 47 7 47 
2 6 47 8 47 
2 7 47 9 47 
3 8 47 10 47 12 50 
3 5 47 9 47 11 50 
2 2 50 10 50 
3 9 50 13 117 14 117 
1 12 117 
1 12 117 
-1
13
3 3 3 3 3 3 4 6 7 7 6 7 7 
2 2 47 6 47 
2 1 47 3 47 
3 2 47 4 47 11 50 
3 3 47 5 47 8 50 
2 4 47 6 47 
3 1 47 5 47 7 48 
1 6 48 
3 4 50 9 117 10 117 
1 8 117 
1 8 117 
3 3 50 12 117 13 117 
1 11 117 
1 11 117 
-1
12
3 3 3 3 3 3 6 7 7 3 3 6 
2 2 47 6 47 
2 1 47 3 47 
3 2 47 4 47 12 50 
3 3 47 5 47 10 47 
2 4 47 6 47 
3 1 47 5 47 7 50 
3 6 50 8 117 9 117 
1 7 117 
1 7 117 
2 4 47 11 47 
2 10 47 12 50 
2 3 50 11 50 
-1
16
3 3 3 3 6 3 3 3 3 3 3 3 3 6 7 7 
2 2 47 13 47 
2 1 47 3 47 
2 2 47 4 47 
3 3 47 5 50 12 47 
2 4 50 6 113 
3 5 113 7 47 11 47 
2 6 47 8 47 
2 7 47 9 47 
3 8 47 10 47 14 50 
2 9 47 11 47 
3 6 47 10 47 12 47 
3 4 47 11 47 13 47 
2 1 47 12 47 
3 9 50 15 117 16 117 
1 14 117 
1 14 117 
-1
13
3 3 3 3 3 3 3 3 6 3 6 7 7 
2 2 47 10 47 
2 1 47 3 47 
3 2 47 4 47 8 47 
2 3 47 5 47 
3 4 47 6 47 11 50 
2 5 47 7 47 
2 6 47 8 47 
3 3 47 7 47 9 50 
2 8 50 10 113 
2 1 47 9 113 
3 5 50 12 117 13 117 
1 11 117 
1 11 117 
-1
13
3 3 3 3 3 3 6 3 3 3 6 7 7 
2 2 47 10 47 
2 1 47 3 47 
3 2 47 4 47 8 47 
2 3 47 5 47 
2 4 47 6 47 
2 5 47 7 50 
2 6 50 8 113 
3 3 47 7 113 9 47 
3 8 47 10 47 11 50 
2 1 47 9 47 
3 9 50 12 117 13 117 
1 11 117 
1 11 117 
-1
13
3 3 3 3 3 3 3 3 3 3 6 7 7 
2 2 47 10 47 
2 1 47 3 47 
2 2 47 4 47 
3 3 47 5 47 9 47 
2 4 47 6 47 
3 5 47 7 47 11 50 
2 6 47 8 47 
2 7 47 9 47 
3 4 47 8 47 10 47 
2 1 47 9 47 
3 6 50 12 117 13 117 
1 11 117 
1 11 117 
-1
14
3 3 3 3 3 3 3 3 3 3 3 6 7 7 
1 2 47 
3 1 47 3 47 11 47 
2 2 47 4 47 
3 3 47 5 47 9 47 
2 4 47 6 47 
2 5 47 7 47 
2 6 47 8 47 
2 7 47 9 47 
3 4 47 8 47 10 47 
2 9 47 11 47 
3 2 47 10 47 12 50 
3 11 50 13 117 14 117 
1 12 117 
1 12 117 
-1
15
3 3 3 3 3 3 3 3 3 3 3 3 6 7 7 
2 2 47 6 47 
2 1 47 3 47 
2 2 47 4 47 
3 3 47 5 47 7 47 
2 4 47 6 47 
2 1 47 5 47 
3 4 47 8 47 12 47 
2 7 47 9 47 
2 8 47 10 47 
3 9 47 11 47 13 50 
2 10 47 12 47 
2 7 47 11 47 
3 10 50 14 117 15 117 
1 13 117 
1 13 117 
-1
15
3 7 3 3 3 3 3 3 6 3 3 3 6 7 7 
1 2 51 
2 1 51 3 135 
3 2 135 4 47 12 47 
2 3 47 5 47 
3 4 47 6 47 10 47 
2 5 47 7 47 
2 6 47 8 47 
2 7 47 9 50 
2 8 50 10 113 
3 5 47 9 113 11 47 
3 10 47 12 47 13 50 
2 3 47 11 47 
3 11 50 14 117 15 117 
1 13 117 
1 13 117 
-1
13
3 3 3 3 3 3 3 6 3 3 6 7 7 
2 2 47 10 47 
2 1 47 3 47 
3 2 47 4 47 8 50 
3 3 47 5 47 9 47 
2 4 47 6 47 
2 5 47 7 47 
2 6 47 8 50 
2 3 50 7 50 
3 4 47 10 47 11 50 
2 1 47 9 47 
3 9 50 12 117 13 117 
1 11 117 
1 11 117 
-1
13
3 3 3 3 3 3 3 3 3 3 6 7 7 
2 2 47 6 47 
2 1 47 3 47 
2 2 47 4 47 
3 3 47 5 47 10 47 
3 4 47 6 47 7 47 
2 1 47 5 47 
2 5 47 8 47 
2 7 47 9 47 
2 8 47 10 47 
3 4 47 9 47 11 50 
3 10 50 12 117 13 117 
1 11 117 
1 11 117 
-1
13
3 6 3 3 3 3 3 3 3 6 6 7 7 
1 2 50 
3 1 50 3 113 10 116 
2 2 113 4 47 
3 3 47 5 47 9 47 
2 4 47 6 47 
3 5 47 7 47 11 50 
2 6 47 8 47 
2 7 47 9 47 
3 4 47 8 47 10 50 
2 2 116 9 50 
3 6 50 12 117 13 117 
1 11 117 
1 11 117 
-1
14
3 3 3 3 3 3 3 3 3 3 3 6 7 7 
1 2 47 
3 1 47 3 47 11 47 
3 2 47 4 47 8 47 
2 3 47 5 47 
2 4 47 6 47 
2 5 47 7 47 
2 6 47 8 47 
3 3 47 7 47 9 47 
2 8 47 10 47 
2 9 47 11 47 
3 2 47 10 47 12 50 
3 11 50 13 117 14 117 
1 12 117 
1 12 117 
-1
11
3 3 3 3 3 3 4 6 7 7 4 
2 2 47 6 47 
2 1 47 3 47 
3 2 47 4 47 11 48 
3 3 47 5 47 8 50 
2 4 47 6 47 
3 1 47 5 47 7 48 
1 6 48 
3 4 50 9 117 10 117 
1 8 117 
1 8 117 
1 3 48 
-1
11
3 3 3 3 3 3 6 7 7 7 6 
2 2 47 6 47 
2 1 47 3 47 
3 2 47 4 47 11 50 
3 3 47 5 47 10 51 
2 4 47 6 47 
3 1 47 5 47 7 50 
3 6 50 8 117 9 117 
1 7 117 
1 7 117 
1 4 51 
1 3 50 
-1
16
3 3 3 3 3 3 3 3 3 3 6 7 7 6 7 7 
2 2 47 6 47 
2 1 47 3 47 
2 2 47 4 47 
3 3 47 5 47 10 47 
3 4 47 6 47 7 47 
2 1 47 5 47 
2 5 47 8 47 
3 7 47 9 47 14 50 
2 8 47 10 47 
3 4 47 9 47 11 50 
3 10 50 12 117 13 117 
1 11 117 
1 11 117 
3 8 50 15 117 16 117 
1 14 117 
1 14 117 
-1
16
3 3 3 3 3 3 6 7 7 3 3 3 3 3 3 6 
2 2 47 6 47 
2 1 47 3 47 
3 2 47 4 47 10 47 
2 3 47 5 47 
3 4 47 6 47 7 50 
2 1 47 5 47 
3 5 50 8 117 9 117 
1 7 117 
1 7 117 
3 3 47 11 47 15 47 
2 10 47 12 47 
2 11 47 13 47 
3 12 47 14 47 16 50 
2 13 47 15 47 
2 10 47 14 47 
1 13 50 
-1
14
3 3 3 3 3 3 6 7 7 3 7 3 7 6 
2 2 47 6 47 
2 1 47 3 47 
3 2 47 4 47 14 50 
3 3 47 5 47 10 47 
2 4 47 6 47 
3 1 47 5 47 7 50 
3 6 50 8 117 9 117 
1 7 117 
1 7 117 
3 4 47 11 51 12 47 
1 10 51 
3 10 47 13 51 14 50 
1 12 51 
2 3 50 12 50 
-1
16
3 3 3 3 3 3 3 3 3 3 3 3 6 6 7 7 
2 2 47 6 47 
2 1 47 3 47 
2 2 47 4 47 
3 3 47 5 47 14 50 
3 4 47 6 47 7 47 
2 1 47 5 47 
3 5 47 8 47 12 47 
2 7 47 9 47 
2 8 47 10 47 
2 9 47 11 47 
3 10 47 12 47 13 50 
2 7 47 11 47 
1 11 50 
3 4 50 15 117 16 117 
1 14 117 
1 14 117 
-1
10
3 3 3 3 3 3 6 7 7 2 
2 2 47 6 47 
2 1 47 3 47 
2 2 47 4 47 
3 3 47 5 47 10 46 
3 4 47 6 47 7 50 
2 1 47 5 47 
3 5 50 8 117 9 117 
1 7 117 
1 7 117 
1 4 46 
-1
16
3 3 3 3 3 3 3 3 3 3 3 3 6 7 7 6 
2 2 47 6 47 
2 1 47 3 47 
2 2 47 4 47 
3 3 47 5 47 16 50 
3 4 47 6 47 7 47 
2 1 47 5 47 
3 5 47 8 47 12 47 
2 7 47 9 47 
2 8 47 10 47 
2 9 47 11 47 
3 10 47 12 47 13 50 
2 7 47 11 47 
3 11 50 14 117 15 117 
1 13 117 
1 13 117 
1 4 50 
-1
16
3 3 3 3 3 3 3 3 3 3 3 3 3 6 7 7 
1 2 47 
3 1 47 3 47 7 47 
2 2 47 4 47 
2 3 47 5 47 
2 4 47 6 47 
2 5 47 7 47 
3 2 47 6 47 8 47 
3 7 47 9 47 13 47 
2 8 47 10 47 
2 9 47 11 47 
3 10 47 12 47 14 50 
2 11 47 13 47 
2 8 47 12 47 
3 11 50 15 117 16 117 
1 14 117 
1 14 117 
-1
16
3 3 3 3 3 3 3 6 7 7 3 3 3 3 3 3 
1 2 47 
3 1 47 3 47 7 47 
2 2 47 4 47 
3 3 47 5 47 11 47 
2 4 47 6 47 
2 5 47 7 47 
3 2 47 6 47 8 50 
3 7 50 9 117 10 117 
1 8 117 
1 8 117 
3 4 47 12 47 16 47 
2 11 47 13 47 
2 12 47 14 47 
2 13 47 15 47 
2 14 47 16 47 
2 11 47 15 47 
-1
11
3 3 3 3 3 3 3 3 6 7 7 
1 2 47 
2 1 47 3 47 
3 2 47 4 47 8 47 
2 3 47 5 47 
2 4 47 6 47 
3 5 47 7 47 9 50 
2 6 47 8 47 
2 3 47 7 47 
3 6 50 10 117 11 117 
1 9 117 
1 9 117 
-1
12
3 3 7 3 3 3 3 3 3 6 7 7 
1 2 47 
3 1 47 3 51 4 47 
1 2 51 
3 2 47 5 47 9 47 
2 4 47 6 47 
2 5 47 7 47 
3 6 47 8 47 10 50 
2 7 47 9 47 
2 4 47 8 47 
3 7 50 11 117 12 117 
1 10 117 
1 10 117 
-1
13
3 6 3 3 3 3 3 3 6 7 7 3 6 
1 2 50 
3 1 50 3 113 13 116 
3 2 113 4 47 8 47 
3 3 47 5 47 12 47 
2 4 47 6 47 
2 5 47 7 47 
2 6 47 8 47 
3 3 47 7 47 9 50 
3 8 50 10 117 11 117 
1 9 117 
1 9 117 
2 4 47 13 50 
2 2 116 12 50 
-1
13
3 3 3 3 6 3 3 3 3 3 6 7 7 
2 2 47 10 47 
2 1 47 3 47 
3 2 47 4 47 8 47 
2 3 47 5 50 
2 4 50 6 113 
2 5 113 7 47 
2 6 47 8 47 
3 3 47 7 47 9 47 
3 8 47 10 47 11 50 
2 1 47 9 47 
3 9 50 12 117 13 117 
1 11 117 
1 11 117 
-1
12
3 3 3 6 3 6 3 3 3 6 7 7 
2 2 47 9 47 
2 1 47 3 47 
3 2 47 4 50 7 47 
2 3 50 5 113 
2 4 113 6 50 
2 5 50 7 113 
3 3 47 6 113 8 47 
2 7 47 9 47 
3 1 47 8 47 10 50 
3 9 50 11 117 12 117 
1 10 117 
1 10 117 
-1
