Number of examples:
942
Indices of the examples:
207
242
485
970
499
478
313
583
460
698
736
422
647
685
264
92
330
243
607
165
934
477
178
1
950
351
118
498
278
155
198
760
1090
228
144
714
842
961
29
197
1072
1147
209
744
561
1131
252
55
311
665
428
767
161
979
621
96
227
522
777
943
529
4
67
36
189
1120
119
802
40
10
584
421
514
557
837
503
649
457
343
1077
171
213
203
1134
362
674
957
1041
775
694
237
419
1032
1100
768
826
1053
652
151
702
663
667
1064
395
829
898
225
887
823
1118
825
701
70
1151
715
897
588
1070
631
1079
74
971
609
122
985
1096
59
732
148
205
706
26
517
838
822
935
35
423
492
750
937
349
469
364
1029
1093
412
159
834
1176
215
645
841
518
325
878
1155
1119
133
861
1108
375
1010
1165
153
442
1081
179
106
1022
908
1055
251
700
533
448
486
566
359
787
185
686
1089
618
1020
290
1145
372
16
510
255
855
162
501
258
286
90
291
1139
414
993
782
594
539
1097
773
939
926
1043
608
965
591
1105
1103
1177
990
166
199
288
222
1052
129
1111
813
82
323
996
552
840
995
238
899
508
876
388
394
567
590
196
1174
1034
812
1035
1117
520
378
938
747
754
973
1083
370
1142
285
1059
281
17
918
152
535
63
622
776
340
470
47
1087
718
604
146
1000
910
1146
208
1149
338
1094
169
347
295
1153
612
483
739
72
690
360
1101
507
427
853
99
1030
25
929
277
217
524
300
722
301
182
727
678
46
433
302
759
523
916
314
32
818
1013
809
450
1037
550
1027
893
76
73
245
124
794
333
563
214
749
751
254
22
958
912
833
788
320
616
662
519
581
287
1128
869
105
828
48
1098
737
1086
803
307
58
81
429
1063
1042
659
1166
103
408
236
494
177
658
505
318
373
553
137
986
771
1130
51
379
112
901
684
930
366
711
692
1002
643
404
730
279
717
376
987
999
259
683
724
138
831
697
1156
1011
1157
380
564
1162
845
538
157
865
1110
488
1040
512
174
748
877
625
570
559
397
661
1123
14
742
1106
321
801
890
624
555
1144
136
536
1066
839
546
816
420
204
322
994
1158
568
299
1084
721
467
436
27
670
864
317
191
319
480
580
1143
605
232
104
326
963
854
7
1073
752
180
156
305
1141
98
513
1028
85
642
606
392
571
234
1104
1121
870
260
707
1021
150
493
1095
418
108
75
1017
579
482
261
23
65
211
969
37
283
778
306
78
951
922
709
779
200
900
142
52
1138
980
892
1065
673
923
578
585
374
1031
988
859
167
248
473
79
857
474
266
149
6
745
741
1044
1019
202
120
516
231
335
543
984
613
114
1016
902
592
763
426
968
1133
746
368
358
676
28
468
1056
560
551
417
597
111
304
1057
891
959
367
447
462
1080
680
308
972
637
808
240
89
121
329
20
68
766
907
1025
738
769
224
875
1129
1012
337
210
677
350
629
1132
354
704
731
1160
713
1045
960
628
265
656
201
154
824
600
1033
1062
666
1102
327
835
757
1049
401
905
393
57
1068
735
851
1126
438
679
820
883
758
1113
1115
453
147
336
786
847
66
811
56
463
681
280
312
456
62
50
509
576
353
390
790
1058
77
405
443
83
696
1005
88
192
1050
432
206
862
620
796
272
371
1127
879
817
369
1163
789
806
430
573
991
270
451
651
1051
303
885
61
1085
396
216
5
913
819
132
100
416
632
484
569
544
384
896
117
18
1003
924
471
42
168
586
187
130
976
1159
525
332
1048
549
733
978
141
95
377
1038
352
725
230
496
452
49
931
1112
975
945
638
705
43
487
804
256
411
440
80
537
753
54
577
1024
909
31
740
657
843
398
941
640
966
743
783
832
846
282
603
170
387
195
60
589
190
446
315
886
3
942
465
293
1114
807
954
689
298
324
932
53
770
1168
383
755
284
532
582
64
596
599
762
634
940
952
1078
1088
894
437
904
84
921
1026
1075
464
860
135
183
249
250
868
502
221
593
1169
1076
633
1154
800
253
906
439
687
716
955
1006
785
1074
128
997
982
316
45
186
34
761
164
648
413
772
13
145
925
173
815
641
435
1069
644
110
1082
409
949
223
882
424
574
888
466
160
274
615
821
983
425
1047
873
1099
86
554
720
562
139
793
527
655
44
41
229
531
69
992
334
194
38
1039
1136
276
708
399
403
598
19
239
402
1170
123
172
296
635
927
434
309
664
602
805
345
400
391
344
193
342
947
455
127
830
699
998
1009
617
874
530
1018
545
39
917
500
1171
672
381
799
97
1152
1116
1061
889
268
1124
