Number of examples:
150
Indices of the examples:
94
74
65
15
148
82
179
3
125
6
47
4
186
178
37
184
30
89
126
156
28
78
107
43
80
96
149
45
140
53
14
60
110
142
55
0
172
135
79
133
35
154
129
86
72
141
143
22
124
67
39
44
99
24
145
180
49
77
25
29
108
139
155
134
71
130
147
48
182
123
161
93
9
171
76
105
21
127
128
92
84
169
59
17
13
5
150
144
162
87
64
83
50
88
103
121
114
167
7
181
70
163
69
116
118
177
36
138
111
146
10
81
104
16
20
120
26
132
168
101
153
174
46
175
23
18
73
40
58
90
98
166
8
38
157
85
54
113
115
95
97
12
112
52
160
61
183
56
1
91
