Number of examples:
275
Indices of the examples:
276
30
81
135
261
58
19
265
259
152
80
277
233
96
239
64
147
111
196
116
68
199
206
73
323
236
102
153
60
343
100
40
301
317
115
139
222
254
207
260
9
157
310
264
46
328
159
202
61
269
309
88
0
131
23
91
320
16
273
167
318
158
252
258
231
270
129
154
170
200
188
45
235
118
172
226
257
274
229
253
31
243
311
324
173
44
272
55
304
17
314
104
107
220
339
98
341
49
203
306
335
122
132
245
296
297
136
333
174
294
246
168
251
267
14
8
291
41
285
248
256
290
86
195
79
279
210
117
165
33
127
338
183
303
238
186
146
78
326
66
247
175
90
92
321
193
53
208
62
262
316
329
119
148
213
89
48
278
214
51
295
163
124
223
263
120
24
228
197
54
69
327
178
300
180
97
150
27
241
151
133
4
3
155
232
42
43
179
1
315
99
284
130
176
215
39
5
250
7
144
283
72
242
225
298
293
255
268
271
76
212
93
74
209
280
292
332
134
106
126
112
169
205
281
334
194
2
25
217
337
266
204
38
143
29
192
141
35
125
282
32
181
322
275
103
84
101
56
216
184
108
227
50
121
171
218
234
34
336
221
47
307
160
244
137
330
18
20
219
85
182
145
26
123
156
