Number of examples:
3288
Indices of the examples:
2757
408
478
2121
786
1478
1743
3704
2615
2313
1395
4108
2999
641
1120
4041
2290
3554
3213
1050
836
4059
3180
1241
1239
987
2056
2532
3844
1819
1919
1827
139
2243
1402
3802
3822
3117
1039
1352
2150
2253
2281
2824
3989
3046
3393
3051
3974
1031
2038
3711
1959
3968
3589
3634
1318
2658
1814
2611
2806
1968
3710
2340
3198
939
3062
3047
3201
1861
4087
526
3100
687
1111
1976
113
3412
2869
2171
2423
3452
4106
3135
2484
2958
2304
622
3938
651
2256
3040
340
2625
1021
310
3996
3186
2990
3308
3288
539
3208
1763
3329
1335
382
1787
2663
2318
3170
2369
2782
2464
893
2631
1499
883
3503
183
3976
913
3602
3096
2465
3020
3118
656
369
672
3441
587
2966
2136
2512
2799
252
2072
3636
3954
1843
189
2858
3523
2963
2240
3404
3654
2862
3862
3765
1136
3284
2271
246
2566
2665
3795
2737
3629
2533
18
914
2378
3029
1791
1593
742
2972
1458
1257
2878
1526
3042
220
3962
2101
3507
2836
2033
1956
267
1859
1841
1779
2354
2330
2563
2438
104
1109
237
145
2643
2672
54
2907
3593
2894
2045
1216
3128
2425
2149
480
1124
261
2405
2839
1089
2494
1047
1550
484
1702
3693
3070
2771
2534
749
2475
886
3702
1619
3558
2205
3124
3606
1462
1890
2145
2930
2501
971
445
3657
474
599
1487
1346
3633
2773
1708
3429
1480
1942
3942
4027
3386
3983
1330
1474
4000
1805
561
835
602
3350
3303
3874
1073
2301
1443
2542
1624
3988
2825
419
395
1359
3476
1589
3536
1270
468
2764
2604
2763
2039
3893
275
2942
820
1416
3722
525
2770
3956
2992
1133
1853
4060
873
821
3786
2023
1807
1737
3436
2006
245
420
1656
3194
1461
1381
1078
216
2971
2455
2561
258
3721
109
1153
217
1281
3652
225
2960
1871
686
117
1490
3233
3489
2185
515
3505
2213
362
1244
2110
969
1376
154
556
3913
3842
2938
1488
1689
360
192
2351
1669
3037
16
2018
3487
980
1587
1025
3950
2219
3958
2986
1984
1293
2482
866
2088
2882
2413
394
813
2841
511
293
1146
3522
922
1810
3376
2853
1592
1990
2276
4031
2924
3293
278
3142
1937
410
2298
1946
2381
2778
2923
2166
3813
198
1640
1097
736
3458
2481
2081
2637
541
429
2551
2255
4055
1377
2587
2275
518
3081
572
3402
2127
4073
1371
2470
263
2463
4074
4089
2725
2011
3289
617
441
330
3543
2579
943
3828
205
562
3306
3267
2241
861
605
446
2574
1306
2544
3854
51
346
2765
3437
1883
3501
887
2051
2944
2768
1328
1054
3984
190
593
1674
1375
335
856
3266
3559
400
658
45
2902
2402
8
607
3328
426
1849
2564
3848
3390
3947
88
3104
2065
2137
3515
1262
3718
3158
972
31
2115
1242
2139
1719
187
3125
250
2906
3424
3817
3493
2377
161
2186
1502
2974
1125
147
3598
1723
2485
498
2079
3485
3830
3990
3409
3855
119
2025
4020
1148
148
1183
2977
649
1077
1899
1786
3317
1057
1179
3895
2005
2344
2297
3780
1018
1266
1565
588
682
1609
390
30
4085
1561
2454
3123
1058
2540
3683
388
760
1347
3469
3576
635
2048
3531
2055
1182
3856
1952
2748
3107
2687
3455
3098
3919
3622
1676
3472
3058
3467
384
2350
3841
650
630
592
306
1208
986
1541
2285
3311
653
1158
2812
3205
2979
1603
3966
3471
363
1611
631
1168
1578
254
882
2100
2562
3093
812
2352
960
3948
247
3399
582
3343
1466
1970
589
1019
3525
1813
3338
2670
3820
2982
2810
194
2096
2855
2638
1230
953
1554
2755
4033
1064
792
1983
3445
3788
3109
1583
2522
1093
726
3973
1167
3875
1818
1045
1694
2300
3085
3281
4002
1775
2062
1778
1362
1325
3886
123
482
3052
3527
758
2328
948
338
3357
3694
870
3671
1507
3227
564
2692
531
3214
4015
3648
3782
2733
284
3482
3870
4086
2801
2358
112
73
2808
101
1155
3860
1028
885
2859
2090
2396
532
3677
1901
1159
244
3137
321
304
2459
1143
3937
3944
1451
1716
3649
2867
3980
3203
669
1696
3383
1190
621
1675
2412
3072
2868
1035
858
2548
2753
2775
1222
243
358
3415
3114
3764
2104
633
2158
1249
831
2123
202
676
1548
2012
1732
3362
295
3745
151
2976
90
4097
2835
1014
4094
487
2667
3575
748
1762
2419
3054
710
199
2610
320
3164
3651
3108
3952
2909
2082
2856
3621
847
596
2506
2321
3684
2798
1662
336
1102
412
1320
3758
2718
1440
2660
1924
1632
1930
2316
1283
3826
1738
3770
3130
405
3929
3111
1115
1477
610
1442
3619
49
3755
2386
1831
3410
1267
3496
2781
598
2866
942
890
447
1742
2291
3425
1658
2554
3008
1713
1911
3533
879
3902
1641
2890
1110
2598
1645
1776
1382
794
1888
2108
3825
3768
558
550
3744
762
946
2228
3012
281
3605
3738
1748
300
3010
1654
3028
537
1591
684
4018
3905
3398
2726
3074
2777
2875
2341
3302
2357
519
218
3751
1833
2981
2569
236
3327
3583
1090
2445
1769
2329
897
2198
3075
4001
1511
3453
3003
1485
4038
694
2409
1448
1465
1171
2802
1551
1896
84
1966
2693
1538
781
423
3616
2547
2500
3073
2020
2199
14
3466
3824
2322
744
3356
3719
2204
3245
657
698
2901
3588
900
70
3566
3027
4008
1840
2122
849
2954
2716
655
3784
255
233
2945
3373
1486
3595
2064
1575
1066
875
3192
1995
3550
2415
1799
2645
4047
3211
3785
2599
1126
1358
3896
1294
3730
1003
739
3753
1525
311
3877
2521
3717
3723
3940
2996
2813
3625
329
2362
1177
4078
1310
912
3256
3038
4081
3787
2312
3157
1367
268
722
1539
3382
1349
3807
1857
2068
1048
1231
2450
1156
1194
36
1345
228
461
1489
3064
843
3379
816
2488
3195
1290
39
2118
3231
1503
1894
2263
1767
2622
3748
2807
1411
428
2247
3249
1145
3512
1907
314
3549
1364
3136
3035
2834
46
2163
805
1865
3204
3403
2022
3992
1492
476
1630
1540
3673
1745
822
2703
825
2516
2310
3514
940
2211
3119
1292
797
1087
553
181
415
927
4036
2336
1106
958
1193
1545
345
138
296
1690
2619
2268
22
3220
751
1697
3337
2607
1834
2732
1022
1277
938
495
1137
3095
270
1777
3537
609
2724
1754
848
2525
42
3145
1238
1389
21
2034
1724
37
1412
1001
1139
3430
3307
3438
3850
906
2383
565
2
979
3449
1637
17
4039
1569
3656
3177
1653
1621
4067
1687
765
1226
2437
1038
195
2306
1635
1169
2713
2478
1623
1036
1295
2202
2169
1665
935
934
3620
2541
1681
1088
2078
1877
1864
1161
3313
3821
862
25
3421
1986
509
1563
1258
574
3853
1605
3579
328
626
2889
2135
2348
1013
2699
2669
3603
2714
4069
2936
3015
2245
367
393
2925
2511
505
652
326
1068
1213
521
809
2371
840
3740
1007
3698
1209
185
2252
3863
1302
2029
902
1340
2418
2031
3876
4064
2922
2084
324
529
793
3865
2229
665
1844
2282
3440
1251
1439
359
881
2190
3334
2962
3006
1123
3965
829
2194
86
3087
689
2762
3019
1184
2729
3187
3991
524
1386
430
3882
2767
3242
332
4056
69
2161
1424
3746
2309
3660
2790
288
1832
2632
2060
1308
3465
2984
2752
993
671
240
2308
1963
3262
1938
1227
2751
4032
2220
3112
3594
58
2239
72
538
3229
613
2957
832
1923
1965
964
2495
2529
379
1513
2874
156
1494
3300
3752
3492
283
79
1219
624
3936
3326
554
234
2133
3695
2614
3260
502
1941
3582
975
1080
3565
3247
2016
1363
3797
1542
566
724
1987
3363
1802
3372
1387
1326
3776
1037
3002
3627
1962
317
581
204
1095
3800
3960
1904
2582
616
3212
904
2406
1074
3150
64
921
2584
1265
2214
1117
2620
3637
3044
389
3457
1192
3678
473
3994
1747
673
2280
2189
3653
853
3025
932
3793
1902
2289
2642
38
1140
3059
71
685
3638
272
2592
3215
1855
1256
1757
974
3165
1000
87
2738
248
2886
3082
500
491
3016
2468
3240
754
2819
966
2451
4014
501
2114
2756
3241
3005
1576
2985
911
2444
3777
1870
3392
3551
3442
2552
44
130
1722
2728
2093
3801
3139
1055
2477
3703
3156
197
3961
3578
1607
1647
327
715
1394
3773
219
1272
1427
3385
2476
1418
1303
1042
3017
184
3642
344
704
712
1822
3232
1556
1215
996
504
1401
3490
223
2973
3348
3881
1185
1455
3696
1105
3147
232
453
1221
1331
947
3742
1324
956
3819
3495
106
1549
680
2758
783
2184
1710
24
2433
808
3894
2509
1041
2991
357
253
2027
3394
170
1191
2021
536
3319
3794
2970
1316
1072
377
2467
2003
1585
1988
1729
2237
403
450
731
1470
1497
114
3912
965
125
489
2657
1291
2507
2772
4003
1571
3926
2583
3068
3092
708
3878
160
3031
1312
2107
2201
3631
1006
1626
3316
3641
3133
2519
1423
1276
3887
229
1711
424
4084
3664
3914
1351
1828
3720
1704
1504
3840
2531
2040
10
3639
697
2524
2857
3542
1599
1150
2814
1739
1275
3574
3224
2708
2673
3346
56
2103
3280
798
366
1768
1614
3377
83
1204
1379
3815
778
3675
2908
3045
4061
1501
3391
456
434
2157
4042
2935
2164
583
1122
2196
2332
527
3922
2577
3090
1981
3447
865
2727
2786
1252
407
2711
2510
1816
1147
3182
404
221
3049
3480
523
2325
2623
3153
3567
1931
2044
1186
2497
1433
2701
47
3539
1688
2315
290
3103
1804
773
2225
2741
3129
77
2218
937
1173
1082
2731
2795
3178
3217
2515
3858
1151
3263
463
2435
654
2899
438
256
864
2914
2094
901
172
372
3843
3812
2849
2429
3275
3375
1271
3560
3083
2893
2057
4045
2436
2099
2694
3580
322
3979
2176
1234
1559
3091
1297
155
2085
3584
1847
915
2178
1187
2410
2148
3323
4021
549
2550
1939
3444
508
1305
1071
1229
1247
2208
1638
2449
3883
691
3700
3126
2895
2388
2052
3254
271
3113
1880
4104
50
1298
3299
1895
1926
2270
2911
12
2640
2009
2576
3518
93
118
3296
1062
2421
2462
2130
157
2613
3520
3517
3039
1570
3013
2288
2327
3727
780
3474
1934
3305
2783
2061
666
2345
2666
2400
1070
1195
2254
594
2259
3238
1744
3626
3799
2816
1982
440
1012
3707
96
4029
1174
135
483
3273
2153
2293
4105
3871
1756
1659
1211
2397
2480
799
1905
2177
2691
2831
591
1773
356
955
3000
53
3889
3644
347
3292
386
1978
1446
1671
2594
2743
3023
3866
579
203
586
1127
1128
3110
632
3608
3252
997
1527
57
1943
289
2535
3731
2651
4017
2650
834
3513
643
2427
1947
2505
3026
3552
3935
35
143
1419
1366
1797
3833
576
3917
3321
690
2170
2774
2017
2443
4051
1232
717
1971
3088
355
2683
1726
3061
149
1782
2586
2903
2188
2363
3890
3144
2572
75
1083
1667
3573
2193
1581
2317
981
738
2026
4076
3814
2458
1715
2210
1655
535
3185
4052
1893
1552
1422
1921
3077
3888
3197
2333
269
4004
3439
1652
2417
1176
1620
3572
3371
1590
933
3585
3030
2109
3408
1839
1604
1629
2063
3497
1491
961
828
2452
1595
638
3726
2180
2916
1030
1613
3367
2338
208
4057
2861
2399
1079
600
2933
3892
3235
1997
1772
2580
2222
2681
1868
1473
40
719
3729
3183
173
2287
1333
3928
860
4071
2159
1334
464
1918
3838
1518
431
2294
1493
2639
442
3735
1546
95
1397
1217
2394
3320
3867
1794
2217
1132
2952
1664
2230
1355
1836
2659
1882
3553
1730
1872
623
2881
2131
3500
620
2595
1075
2969
2066
3143
115
299
2203
2809
814
2679
752
1157
737
2698
2249
1734
2629
3243
108
141
597
1178
2001
1809
3121
3270
4005
136
3432
182
1989
3519
1522
2590
2499
2483
3951
1393
2537
1945
1850
3368
1790
2047
2980
992
3152
3237
1720
661
846
2092
952
1820
2416
2900
1555
20
3297
2028
957
548
3477
1434
3494
1933
265
577
1806
142
4026
2134
3982
110
215
124
3352
298
2337
716
2818
1032
1750
3202
2353
833
1582
3739
640
2504
3932
2070
370
3416
3221
3122
2674
2183
443
3395
3269
3851
3997
3540
120
1472
2365
3127
3864
3099
543
4044
1648
2843
1223
392
193
2142
1060
2589
2789
292
2943
908
857
1821
3344
3750
3396
3547
2326
3806
1475
3366
1264
166
3209
1845
318
1854
2817
2822
1299
2042
4103
1684
3295
399
1432
585
699
3116
1866
1476
2736
1372
1010
2892
3646
3933
534
3923
2688
492
302
520
2796
1622
2588
2489
2523
1323
413
2860
1452
3456
2880
2273
11
3155
2426
1651
802
2684
2453
3557
3918
1205
3078
1636
3057
2075
3470
3450
2837
1421
3060
1885
3331
1327
80
923
1043
9
1027
3761
1385
3908
2359
2570
1586
4090
2461
896
1300
4058
2851
1053
1699
884
1286
3725
23
1759
3834
878
3868
437
1438
2355
2392
1233
1929
2246
705
895
2847
3033
4102
3628
2617
1646
1961
2784
2046
107
1903
1370
2493
230
2780
2174
4050
3690
796
3666
3301
800
1886
81
889
2983
3689
1220
918
231
361
2951
2931
3167
2827
3798
3713
3460
425
2820
1365
409
3304
1374
1034
3056
3655
3808
48
1225
756
2053
2779
1380
2845
2870
683
1666
1348
2520
3190
1693
730
66
4046
880
343
569
2677
2000
2929
1495
1343
1506
3766
1761
1718
3663
3791
33
555
2343
3898
2559
1426
920
976
3592
728
507
811
3891
3218
3769
1815
3613
3264
7
2792
1567
2636
777
3080
3181
1392
3915
1610
1391
132
670
2091
3847
1008
380
1091
3101
41
1357
3179
3312
851
1284
402
1040
3832
1061
3760
3105
2374
1695
2628
1842
1112
27
2879
280
348
3920
973
3715
1598
3342
3650
2591
2937
3384
1753
1459
3985
1862
3146
662
985
1353
2618
1838
2850
784
3223
2675
1420
191
2278
2439
1255
2995
2722
827
3468
516
3041
1856
1450
2941
4098
1214
2138
3836
127
2557
3511
226
137
1356
3282
3276
2375
454
3219
1835
1288
2143
1915
3818
3461
2603
2848
1917
1453
1408
3900
1781
3528
3640
1660
3691
1508
2234
1134
1056
3036
3414
3246
1597
1698
727
552
4025
3999
365
2152
999
2854
4070
1908
1992
551
803
333
257
1891
1741
674
1998
3811
150
1823
3381
2964
3115
2472
949
2382
396
3955
1639
637
4037
2578
1311
178
2441
305
1560
152
3358
301
2959
1817
1846
2120
2366
2904
2721
188
2244
627
3094
2838
3809
824
4066
1780
1771
3869
3632
1825
2361
1852
210
1922
2747
3943
2833
769
983
2154
436
1562
510
1631
3210
2414
2989
1803
3790
1600
2829
3779
2019
1212
422
1935
0
2235
227
4107
3796
3454
3561
3570
560
3011
3743
3310
3332
286
2368
131
2334
3939
2720
2788
841
1770
3762
2004
4023
260
839
374
2558
2267
1875
3835
3283
2037
611
1096
375
1892
2654
1198
989
2644
968
3488
2370
3686
3846
2539
664
3355
3285
496
3191
1774
766
3498
167
5
2172
4022
3596
1725
2339
3173
2106
3048
1531
4088
636
4075
3274
3021
2968
954
1278
2602
3630
3803
2102
3502
2823
3993
1149
2274
2144
3120
1224
179
750
1002
1661
1162
1130
1321
2513
3401
2105
1138
1152
2248
209
772
477
3556
845
4054
3775
1024
3659
2912
2319
1248
105
3508
869
3857
894
2080
294
121
2272
2233
1812
3643
162
3986
3279
2585
351
2967
1537
2342
838
1617
746
1337
2216
2305
2840
1471
2160
2946
2543
285
3188
85
1927
2680
3509
2043
1612
2797
2517
3184
1627
74
186
3953
1596
3669
2320
801
1668
381
709
214
3065
1731
578
1170
3805
4072
3934
4013
3387
743
580
3172
2498
3873
313
128
3884
1067
604
768
319
2269
3610
540
3261
1973
3140
770
2948
1712
1960
1706
91
1851
842
3405
2286
2227
3687
398
3089
1516
4100
3701
3647
644
1979
844
2865
1826
648
544
2434
2265
1625
595
629
850
1940
506
3330
3975
2250
2479
2179
3419
2612
2487
1524
1197
779
1414
1967
2988
1878
1279
3845
171
1606
1991
4028
1407
4034
165
2910
2113
3544
2054
133
3587
1384
1703
3034
3176
734
3309
1764
341
3374
863
3906
249
1564
1282
601
67
2032
1884
3333
455
3486
1615
2536
513
2647
707
1566
3724
3749
905
1240
898
1417
1760
3478
3977
2896
3849
1313
2685
3909
1830
490
546
383
65
2192
3716
3406
1536
2920
1580
1996
1114
1649
68
4099
729
1740
2697
1274
3154
1338
3353
723
391
2664
2754
3258
291
1263
3672
1108
1378
755
3106
891
2997
59
3680
1457
1678
2446
3345
2723
2311
2682
2324
3361
3499
3426
2913
1273
2125
1390
1535
1951
3253
2928
2634
1876
1396
3676
2641
3699
991
1201
3946
2242
3555
19
4012
196
3298
3526
2785
936
2949
977
2704
1789
2508
349
307
4079
494
3839
874
3967
3697
259
76
998
2709
3535
3287
2261
4096
4083
3781
1530
1172
1444
2403
251
1887
2830
331
3957
1435
3767
720
2126
1547
2956
1512
1618
1437
1848
3341
3200
1268
3067
3
3138
1296
1534
3134
2852
512
481
2097
1301
1594
471
3859
3022
2730
3861
4006
1672
545
3097
1228
1304
573
316
2776
2761
771
28
2223
1160
3171
1874
951
1948
1104
3464
469
3816
1936
788
1059
2215
3018
3427
1644
1916
2303
2036
4019
3998
342
530
1285
924
1243
1577
570
3160
1496
2442
1344
100
3248
785
2469
2746
2545
2389
1342
1579
1180
3617
1181
169
2605
2457
3667
2141
2474
1714
1572
1505
2024
2800
2661
3532
3681
401
3964
4048
1964
1683
2953
4030
2041
2549
740
2432
308
3225
1735
4095
315
2653
877
2209
2575
26
3066
2842
3459
2633
2059
1829
3921
1553
3141
1670
2098
3709
1009
339
103
646
2581
2571
3910
2662
3001
1869
2821
2360
2200
6
3987
212
1403
2947
1642
158
2828
3314
718
1608
2668
826
1398
2621
475
2624
2379
929
868
2050
89
2791
2129
2955
32
2007
1236
2035
207
3161
3571
2648
472
3969
1084
2600
3131
3562
3481
542
2356
1383
1350
4065
4049
3930
82
2296
2689
3759
2712
3286
3736
1141
479
1889
547
2787
2013
2197
941
667
634
2608
2448
1081
43
1483
3443
1795
2526
612
2284
2805
2486
3521
3545
1076
3335
1811
4016
668
3831
458
1701
3506
3417
590
688
2546
1113
2749
642
1163
3754
1026
3903
2173
4040
2323
1454
1052
3168
681
3268
354
1322
371
3071
3685
2404
3360
1860
706
2735
3318
1837
3148
29
282
2695
1369
1573
1532
3945
1881
563
1354
3778
3322
3899
3084
3885
1259
925
164
2077
1237
791
557
3783
146
2069
2593
2236
2734
1909
3530
764
2635
1469
3463
3400
467
2606
1634
126
1099
2690
1863
944
2567
3852
1677
2919
3222
2398
2002
1643
2888
4109
2527
745
174
1023
2407
94
2887
3600
200
2740
266
2678
